0.000000, 0.000000, 11.000000, 16.000000, 10.000000, 1.000000, 0.000000, 0.000000, 0.000000, 4.000000, 16.000000, 10.000000, 15.000000, 8.000000, 0.000000, 0.000000, 0.000000, 4.000000, 16.000000, 3.000000, 11.000000, 13.000000, 0.000000, 0.000000, 0.000000, 1.000000, 14.000000, 6.000000, 9.000000, 14.000000, 0.000000, 0.000000, 0.000000, 0.000000, 0.000000, 0.000000, 12.000000, 10.000000, 0.000000, 0.000000, 0.000000, 0.000000, 0.000000, 6.000000, 16.000000, 6.000000, 0.000000, 0.000000, 0.000000, 0.000000, 5.000000, 15.000000, 15.000000, 8.000000, 8.000000, 3.000000, 0.000000, 0.000000, 10.000000, 16.000000, 16.000000, 16.000000, 16.000000, 6.000000 : 0.000000, 0.000000, 1.000000, 0.000000, 0.000000, 0.000000, 0.000000, 0.000000, 0.000000, 0.000000

Error results for RHC
---------------------------
1750.533
1751.776
1749.355
1749.634
1749.204
1748.968
1751.854
1748.968
1748.894
1750.555
1748.878
1742.155
1747.165
1742.149
1741.939
1741.853
1741.879
1739.514
1739.933
1739.554
1739.546
1741.040
1734.398
1735.714
1733.156
1733.060
1733.060
1735.458
1734.121
1733.934
1733.060
1734.373
1734.377
1733.496
1733.062
1729.693
1726.347
1727.117
1726.326
1725.699
1725.853
1725.699
1725.459
1725.470
1723.759
1723.759
1723.976
1722.288
1722.288
1725.374
1718.786
1724.319
1718.792
1716.301
1716.159
1715.675
1717.635
1715.675
1716.189
1715.841
1715.675
1713.083
1714.171
1713.028
1712.695
1712.044
1712.447
1712.044
1715.590
1711.725
1711.742
1714.453
1711.763
1713.273
1710.844
1709.033
1709.334
1709.878
1706.449
1708.213
1706.418
1706.400
1706.400
1706.400
1705.045
1705.045
1705.043
1706.413
1705.915
1708.705
1704.354
1704.421
1704.354
1702.061
1702.045
1702.045
1701.648
1700.625
1708.532
1701.305
1700.387
1699.611
1698.712
1687.708
1684.395
1685.422
1684.395
1684.395
1687.697
1684.395
1686.894
1683.662
1683.662
1689.489
1686.287
1684.964
1683.246
1683.526
1683.218
1683.218
1680.255
1680.505
1680.255
1681.210
1679.651
1679.651
1679.650
1679.650
1683.248
1679.630
1679.706
1679.630
1679.620
1680.746
1678.628
1679.613
1678.628
1677.804
1677.804
1677.804
1677.743
1677.567
1677.567
1677.564
1677.564
1677.564
1677.272
1677.358
1677.272
1677.272
1677.756
1677.272
1677.638
1677.782
1677.272
1677.527
1675.342
1677.215
1675.238
1675.238
1675.238
1674.195
1673.012
1673.005
1673.004
1673.672
1672.893
1672.893
1672.500
1671.584
1675.228
1673.150
1671.044
1671.408
1670.857
1670.857
1672.026
1670.486
1679.857
1670.486
1670.486
1671.187
1671.953
1670.395
1670.511
1672.051
1668.987
1669.127
1668.821
1671.884
1679.435
1668.821
1670.586
1669.155
1668.455
1668.464
1668.455
1668.455
1668.444
1669.630
1666.584
1666.601
1666.511
1658.469
1658.560
1658.469
1659.663
1657.983
1657.703
1655.131
1655.131
1655.131
1655.131
1651.002
1651.006
1651.204
1651.002
1650.999
1649.636
1650.129
1649.820
1650.246
1652.149
1649.975
1650.554
1649.575
1649.571
1645.997
1647.333
1645.997
1654.978
1646.373
1645.758
1645.567
1646.040
1654.826
1648.095
1645.828
1644.618
1642.522
1651.368
1644.172
1643.993
1644.115
1640.649
1640.263
1640.056
1644.228
1638.577
1638.197
1641.574
1639.094
1638.197
1632.646
1633.398
1628.564
1628.567
1628.564
1628.454
1629.827
1629.242
1630.681
1630.233
1630.499
1630.201
1621.862
1614.561
1614.561
1614.574
1614.561
1614.562
1613.359
1608.759
1608.759
1609.543
1611.797
1610.095
1599.823
1601.959
1599.265
1596.006
1589.305
1589.050
1589.047
1589.259
1590.066
1588.960
1588.984
1586.624
1586.097
1586.097
1586.320
1586.762
1595.099
1586.029
1598.823
1585.480
1586.587
1585.522
1585.508
1585.483
1585.480
1585.480
1588.286
1585.480
1587.554
1585.389
1585.973
1581.899
1581.938
1581.841
1581.734
1581.734
1582.592
1581.529
1576.422
1577.372
1576.422
1574.142
1573.809
1573.809
1574.639
1573.711
1573.711
1572.511
1572.504
1574.827
1572.504
1573.095
1572.465
1574.453
1573.035
1572.482
1579.141
1580.947
1572.693
1572.392
1571.725
1570.355
1570.684
1568.977
1565.607
1566.635
1565.607
1565.711
1565.017
1567.940
1565.593
1565.017
1565.017
1565.467
1565.705
1570.719
1568.419
1564.992
1559.390
1559.936
1559.018
1559.167
1556.536
1556.555
1554.860
1554.032
1551.255
1560.011
1551.618
1553.991
1551.531
1551.286
1548.484
1552.955
1548.481
1547.330
1548.622
1551.209
1547.340
1547.288
1547.335
1549.489
1548.027
1548.338
1544.973
1545.028
1547.298
1544.607
1546.973
1551.744
1544.271
1544.271
1544.635
1544.292
1544.262
1544.262
1550.490
1547.627
1544.262
1535.974
1535.974
1547.884
1535.974
1541.782
1535.974
1535.757
1536.178
1532.430
1532.677
1532.430
1532.244
1528.394
1530.999
1528.565
1528.394
1528.394
1528.474
1529.038
1528.394
1529.553
1528.405
1527.699
1527.768
1527.674
1529.917
1526.594
1526.927
1527.325
1528.195
1526.594
1526.442
1526.503
1531.964
1526.442
1526.722
1525.775
1526.209
1525.825
1525.773
1525.462
1526.983
1524.658
1524.201
1521.585
1521.585
1522.046
1524.350
1526.114
1524.572
1521.585
1523.252
1522.245
1525.589
1527.234
1514.842
1514.003
1514.384
1515.764
1513.324
1514.960
1513.558
1513.322
1513.322
1513.322
1513.311
1513.311
1513.296
1513.708
1512.036
1511.685
1512.569
1511.516
1511.306
1511.307
1512.166
1516.895
1518.862
1512.444
1511.661
1511.306
1511.306
1511.229
1511.219
1511.993
1511.634
1511.219
1511.998
1510.665
1519.328
1509.301
1511.134
1508.633
1504.799
1506.806
1504.813
1505.313
1504.799
1505.476
1506.913
1502.117
1503.411
1499.430
1499.430
1499.764
1503.613
1499.862
1499.258
1504.128
1497.342
1494.399
1492.258
1494.160
1492.258
1492.871
1492.345
1492.665
1494.144
1492.258
1497.941
1492.312
1499.401
1492.276
1492.264
1493.021
1494.292
1492.243
1504.738
1492.484
1494.650
1492.242
1494.915
1502.225
1492.242
1492.455
1489.702
1489.946
1489.702
1490.607
1482.672
1482.672
1486.819
1481.786
1482.085
1481.910
1481.786
1481.878
1481.785
1488.583
1482.917
1481.758
1484.436
1481.784
1481.701
1487.824
1481.753
1482.898
1481.701
1485.615
1481.701
1481.711
1480.742
1484.417
1480.555
1480.555
1478.579
1476.867
1483.920
1476.925
1476.867
1476.297
1482.683
1475.594
1474.172
1474.172
1475.622
1474.172
1472.934
1472.934
1472.934
1469.744
1468.335
1468.101
1471.896
1468.101
1464.201
1458.878
1466.196
1458.837
1457.611
1457.611
1455.467
1456.432
1454.837
1454.837
1453.635
1453.632
1453.632
1448.583
1444.975
1444.975
1447.234
1442.490
1443.183
1443.917
1442.490
1434.148
1434.142
1433.675
1433.769
1434.003
1436.035
1435.612
1429.850
1429.870
1428.278
1431.068
1430.399
1428.353
1428.325
1436.151
1428.278
1428.273
1425.190
1431.481
1425.133
1425.133
1427.147
1425.133
1425.133
1426.244
1425.133
1429.956
1428.977
1425.648
1425.053
1429.377
1425.108
1425.699
1430.819
1425.053
1422.641
1421.998
1421.881
1421.879
1424.374
1421.538
1421.538
1424.854
1421.538
1422.795
1429.258
1421.538
1419.518
1419.492
1419.445
1419.574
1432.518
1418.697
1417.403
1417.403
1416.838
1416.838
1416.838
1414.586
1433.032
1413.036
1413.653
1415.505
1413.515
1419.231
1413.036
1414.895
1416.720
1412.992
1415.998
1429.646
1416.936
1412.992
1413.083
1418.154
1415.138
1412.800
1412.683
1412.679
1417.615
1414.443
1412.820
1412.826
1412.679
1412.679
1412.605
1414.426
1412.605
1416.901
1415.949
1413.334
1412.936
1412.616
1420.077
1412.860
1412.568
1412.568
1421.864
1421.482
1411.371
1411.301
1411.875
1411.445
1410.555
1410.555
1410.555
1413.990
1415.765
1412.011
1411.315
1410.787
1410.558
1412.406
1410.555
1411.676
1416.022
1417.517
1409.602
1409.602
1414.952
1410.690
1419.360
1409.602
1409.642
1409.602
1408.766
1408.766
1411.541
1408.766
1408.220
1416.121
1408.220
1408.220
1409.684
1407.952
1410.551
1409.296
1408.374
1408.033
1404.770
1404.717
1406.410
1404.849
1405.343
1399.799
1410.686
1399.799
1397.752
1417.870
1397.708
1397.708
1397.708
1397.142
1398.750
1397.168
1396.379
1395.833
1397.699
1399.233
1396.009
1392.802
1388.428
1388.127
1388.127
1389.069
1388.477
1388.267
1406.232
1388.224
1388.525
1396.844
1393.550
1388.132
1389.697
1388.291
1397.020
1392.609
1388.309
1388.127
1387.386
1387.943
1391.027
1388.892
1391.987
1391.334
1386.460
1386.460
1386.799
1386.460
1384.533
1385.045
1384.579
1384.644
1384.448
1387.709
1384.914
1384.454
1388.522
1396.158
1389.572
1384.481
1385.893
1384.448
1385.284
1384.448
1384.338
1389.403
1380.831
1378.218
1376.170
1376.563
1375.038
1386.586
1382.079
1369.582
1383.006
1369.170
1369.170
1373.516
1369.170
1368.394
1384.335
1368.389
1379.517
1369.081
1368.414
1368.389
1371.528
1375.417
1374.355
1369.058
1371.129
1368.489
1368.389
1368.389
1368.392
1368.348
1375.016
1379.163
1368.348
1368.451
1368.186
1369.093
1368.213
1367.753
1363.276
1362.753
1361.862
1359.048
1361.600
1360.364
1350.450
1354.099
1356.510
1351.340
1350.450
1354.980
1350.450
1364.913
1350.011
1350.605
1350.011
1348.662
1349.998
1348.654
1347.845
1347.562
1359.756
1347.562
1353.721
1347.482
1351.860
1347.483
1349.056
1347.494
1351.532
1347.805
1347.242
1347.242
1347.242
1347.155
1345.236
1348.736
1354.259
1345.776
1343.688
1343.686
1344.218
1343.686
1353.350
1345.171
1353.565
1352.034
1346.703
1343.686
1343.256
1343.256
1338.016
1339.411
1337.981
1328.327
1328.327
1328.327
1328.327
1328.193
1328.193
1332.698
1328.193
1328.404
1325.451
1327.890
1325.452
1326.418
1325.450
1329.079
1326.228
1331.660
1325.414
1317.224
1317.224
1316.979
1324.922
1314.859
1314.533
1313.952
1314.606
1314.791
1314.214
1310.531
1309.371
1307.787
1309.990
1308.086
1307.787
1308.325
1309.114
1308.712
1307.787
1309.772
1306.350
1305.214
1305.214
1311.988
1313.313
1298.006
1298.947
1298.861
1305.339
1298.143
1302.187
1298.260
1298.068
1298.779
1298.223
1297.975
1294.849
1294.058
1298.230
1294.264
1295.825
1294.529
1294.058
1297.153
1297.237
1294.058
1294.030
1292.619
1292.846
1292.489
1293.811
1296.159
1292.489
1292.567
1292.489
1286.373
1287.713
1286.644
1285.747
1285.747
1285.747
1285.454
1285.304
1284.751
1290.802
1295.203
1280.143
1280.121
1280.219
1281.632
1278.411
1286.903
1288.846
1278.325
1278.325
1276.861
1281.786
1278.013
1276.644
1276.750
1275.464
1278.129
1275.413
1273.271
1276.314
1273.122
1274.499
1265.503
1267.029
1265.985
1259.655
1264.809
1259.376
1259.291
1259.291
1265.726
1261.239
1261.587
1256.809
1256.809
1260.547
1257.035
1258.797
1258.002
1257.224
1256.774
1256.774
1256.774
1256.774
1262.781
1258.058
1254.965
1253.874
1257.779
1263.606
1250.397
1254.743
1253.436
1250.378
1249.298
1256.333
1249.545
1251.913
1250.692
1245.854
1245.601
1247.550
1246.005
1245.652
1250.784
1245.601
1247.813
1245.044
1245.704
1245.107
1249.201
1244.010
1240.208
1240.073
1240.073
1236.393
1236.825
1236.344
1236.347
1233.564
1244.253
1234.036
1235.293
1233.492
1238.799
1235.237
1233.017
1229.603
1229.603
1230.856
1229.624
1229.488
1244.630
1233.213
1227.386
1231.531
1234.261
1227.296
1226.378
1226.392
1226.378
1228.730
1226.402
1226.211
1226.211
1226.413
1227.735
1226.211
1226.394
1225.687
1225.859
1225.713
1227.354
1225.736
1225.687
1225.020
1224.918
1224.918
1225.002
1224.902
1224.917
1227.492
1226.337
1224.443
1225.336
1224.446
1224.443
1224.445
1220.711
1220.917
1220.079
1220.459
1223.413
1219.919
1222.456
1220.160
1219.716
1218.530
1223.403
1222.910
1218.472
1218.472
1218.867
1225.745
1235.130
1218.472
1218.604
1219.470
1220.875
1218.476
1226.119
1218.881
1228.781
1225.246
1218.546
1221.193
1214.771
1214.388
1214.388
1220.751
1218.880
1215.807
1214.388
1217.010
1214.425
1219.552
1214.186
1217.658
1214.180
1214.842
1219.017
1218.226
1216.978
1214.180
1214.180
1213.034
1213.156
1213.380
1213.034
1210.915
1214.681
1219.490
1210.145
1209.817
1202.750
1203.239
1201.085
1201.085
1200.488
1200.410
1200.421
1200.419
1207.602
1225.050
1200.410
1202.423
1200.328
1200.328
1202.527
1200.464
1200.328
1210.552
1199.585
1202.227
1200.379
1203.664
1200.432
1199.553
1199.139
1204.945
1200.991
1199.088
1201.512
1204.155
1199.088
1199.088
1206.196
1202.645
1199.088
1199.973
1199.033
1199.033
1201.007
1199.245
1200.203
1195.951
1198.750
1195.273
1201.112
1195.539
1195.727
1195.846
1196.111
1197.053
1204.727
1198.205
1205.974
1195.273
1196.490
1204.621
1195.273
1194.242
1195.498
1194.901
1194.242
1194.892
1194.242
1194.243
1199.101
1194.267
1193.095
1193.108
1193.123
1193.972
1193.456
1193.083
1192.849
1201.169
1192.849
1192.957
1195.795
1193.554
1192.970
1201.257
1192.848
1205.111
1192.875
1192.841
1201.593
1194.611
1195.489
1193.491
1185.468
1188.472
1193.397
1185.468
1185.365
1185.611
1186.099
1190.038
1185.247
1191.289
1184.227
1184.450
1184.844
1183.054
1185.393
1183.099
1183.070
1183.054
1183.054
1183.059
1184.624
1183.079
1184.510
1183.393
1190.358
1185.699
1183.506
1184.512
1187.107
1183.054
1186.813
1183.054
1183.233
1183.020
1182.519
1186.762
1185.161
1193.275
1205.672
1189.720
1182.516
1185.714
1182.516
1180.654
1185.995
1180.707
1180.500
1181.479
1180.080
1176.151
1176.427
1175.840
1176.425
1179.320
1175.840
1175.108
1177.986
1175.125
1175.108
1176.393
1175.108
1175.108
1175.023
1175.107
1177.669
1175.493
1174.690
1176.265
1195.047
1174.636
1174.263
1174.112
1173.988
1174.900
1174.148
1173.988
1173.988
1173.980
1171.881
1171.883
1169.939
1169.913
1169.595
1168.681
1175.739
1168.681
1168.681
1168.710
1168.133
1168.157
1167.245
1166.407
1166.407
1166.156
1166.156
1169.482
1166.156
1166.432
1165.778
1165.966
1179.155
1176.881
1172.687
1165.762
1167.494
1168.536
1165.790
1165.139
1165.139
1165.148
1165.139
1166.901
1165.139
1165.139
1167.527
1165.547
1164.448
1163.098
1191.383
1163.098
1161.645
1160.691
1160.835
1157.830
1162.255
1157.830
1159.187
1159.424
1157.830
1157.953
1156.698
1156.698
1156.704
1157.091
1156.821
1156.350
1157.680
1156.350
1159.249
1156.111
1160.807
1156.101
1156.101
1156.173
1155.938
1157.483
1156.341
1158.861
1154.234
1154.234
1156.909
1154.326
1154.071
1154.072
1154.789
1154.071
1154.071
1154.112
1154.526
1153.463
1151.980
1153.232
1151.980
1153.698
1157.121
1155.312
1153.458
1152.412
1151.673
1151.668
1155.465
1146.046
1146.046
1146.211
1146.200
1145.439
1142.337
1142.337
1142.337
1142.528
1142.228
1147.981
1142.237
1142.019
1140.011
1141.099
1139.879
1140.237
1146.934
1146.949
1139.935
1139.879
1143.043
1139.949
1139.880
1140.835
1143.807
1139.884
1139.323
1142.395
1139.323
1139.374
1139.315
1139.312
1147.300
1139.312
1139.293
1142.007
1143.238
1136.503
1136.503
1136.503
1144.406
1136.527
1139.304
1138.570
1136.426
1136.384
1136.426
1137.973
1136.384
1136.384
1143.294
1137.402
1140.042
1136.714
1136.386
1137.112
1141.096
1137.478
1146.792
1134.580
1133.715
1134.499
1133.756
1133.393
1133.128
1134.459
1132.802
1137.961
1150.342
1133.783
1132.726
1132.726
1132.691
1132.691
1133.350
1133.062
1132.492
1132.493
1131.992
1131.992
1132.086
1131.801
1131.801
1132.563
1132.732
1131.827
1134.276
1133.470
1134.294
1131.801
1139.105
1130.512
1130.512
1130.512
1130.960
1133.120
1130.550
1129.965
1129.887
1130.164
1129.887
1133.464
1129.891
1130.380
1130.595
1129.807
1129.845
1136.061
1129.853
1129.807
1131.652
1129.671
1133.633
1138.350
1126.237
1126.237
1126.235
1126.394
1125.648
1125.648
1128.337
1125.648
1127.167
1126.034
1126.046
1125.830
1132.922
1125.946
1125.648
1125.649
1125.655
1124.257
1129.880
1125.843
1124.946
1124.261
1124.299
1124.549
1129.889
1123.983
1130.867
1127.150
1123.983
1128.950
1147.481
1123.607
1114.781
1114.782
1126.660
1114.727
1114.577
1114.715
1116.599
1114.565
1120.209
1120.020
1114.191
1114.191
1114.191
1113.835
1113.835
1113.404
1115.021
1116.960
1113.657
1114.727
1113.492
1114.647
1113.194
1116.824
1113.652
1113.194
1115.339
1113.194
1115.704
1115.619
1122.527
1113.759
1115.947
1113.656
1115.053
1117.626
1117.035
1119.221
1114.256
1112.115
1112.156
1112.471
1113.914
1114.464
1109.809
1109.809
1111.419
1122.357
1110.326
1109.832
1109.809
1109.989
1103.198
1103.198
1103.245
1107.559
1113.653
1103.198
1103.188
1104.566
1102.890
1102.889
1102.889
1104.302
1103.189
1102.889
1087.522
1088.566
1087.567
1087.496
1089.979
1089.001
1088.069
1090.607
1087.496
1090.443
1086.200
1086.200
1086.195
1086.182
1086.972
1086.174
1086.156
1086.338
1088.645
1085.941
1086.852
1085.941
1085.929
1089.783
1085.929
1091.188
1085.137
1086.291
1085.045
1085.045
1084.751
1084.750
1084.750
1085.199
1085.889
1085.135
1086.153
1084.732
1084.965
1085.213
1088.096
1084.104
1083.816
1083.760
1083.958
1083.760
1082.830
1082.812
1082.829
1082.812
1084.705
1082.040
1082.040
1083.313
1081.927
1081.606
1081.617
1081.582
1081.564
1081.624
1082.351
1082.353
1081.564
1081.791
1084.361
1085.156
1081.545
1081.462
1082.582
1081.452
1089.415
1081.452
1082.155
1083.521
1081.454
1081.224
1081.224
1090.138
1081.224
1079.268
1081.817
1079.268
1082.332
1079.240
1080.943
1083.962
1082.805
1077.134
1086.750
1076.946
1084.841
1076.151
1076.151
1084.701
1076.277
1080.318
1076.355
1087.620
1076.151
1076.151
1073.827
1073.475
1087.481
1073.451
1073.594
1073.640
1073.626
1073.590
1074.729
1075.491
1073.280
1080.836
1074.375
1073.612
1079.825
1073.280
1076.446
1073.341
1072.533
1072.595
1072.910
1073.777
1067.003
1067.893
1067.056
1071.370
1066.906
1066.906
1067.936
1066.906
1068.888
1064.105
1066.752
1064.081
1064.089
1063.249
1077.229
1067.591
1063.219
1063.019
1068.509
1063.019
1072.307
1065.734
1064.609
1063.225
1062.855
1065.695
1061.983
1063.196
1063.097
1062.003
1064.028
1061.038
1061.854
1064.981
1066.410
1064.268
1071.796
1076.864
1061.042
1065.733
1060.805
1063.197
1060.999
1072.714
1062.258
1061.360
1059.881
1058.274
1058.367
1058.273
1057.887
1057.558
1057.558
1061.602
1057.923
1057.706
1054.573
1054.528
1054.528
1053.156
1049.917
1055.471
1050.005
1048.663
1048.661
1048.076
1049.268
1056.756
1048.622
1048.108
1047.034
1049.915
1042.548
1042.842
1044.623
1041.365
1054.184
1041.855
1043.780
1042.591
1044.976
1041.468
1045.157
1041.365
1041.365
1040.662
1041.742
1040.791
1038.935
1048.216
1038.930
1038.657
1038.657
1038.657
1041.292
1046.568
1062.194
1039.016
1045.845
1038.657
1038.832
1038.946
1038.853
1041.169
1036.440
1036.439
1036.439
1039.516
1036.477
1036.502
1035.765
1034.164
1028.963
1029.683
1053.628
1028.680
1031.226
1026.595
1026.631
1026.687
1022.380
1022.782
1024.416
1022.394
1034.132
1022.375
1022.375
1023.978
1044.037
1034.305
1022.349
1023.616
1021.906
1019.638
1028.491
1019.638
1020.006
1019.992
1019.638
1015.719
1015.846
1018.738
1016.909
1015.664
1018.752
1015.592
1015.592
1015.891
1021.104
1015.592
1015.592
1018.739
1015.441
1016.337
1014.057
1014.057
1014.057
1014.057
1014.566
1014.536
1014.653
1014.011
1015.772
1013.178
1013.396
1016.209
1014.032
1013.198
1015.464
1012.487
1012.487
1012.444
1012.976
1015.568
1012.739
1013.291
1007.322
1008.285
1006.667
1005.174
1005.270
1007.813
1005.292
1003.805
1005.545
1004.665
1003.457
1007.884
1003.669
1006.682
1011.234
1004.943
1003.457
1010.070
1006.429
1003.730
1003.555
1004.221
1003.538
1003.615
1003.942
1013.846
1001.915
1001.915
1002.708
1002.481
1001.761
1002.328
1001.757
1008.780
1003.134
1002.146
1001.757
1001.845
1002.146
1001.002
1004.432
1002.333
1001.200
1001.206
1001.037
1001.623
1004.830
1001.404
1001.295
1001.002
1000.319
1000.319
1009.789
999.140
998.931
999.818
998.935
994.668
991.089
990.924
996.973
990.924
990.976
990.676
992.960
990.676
990.711
990.676
990.985
990.790
1000.422
990.725
990.676
990.676
1000.699
990.879
998.897
992.314
996.362
991.404
994.424
988.705
987.525
988.963
990.201
984.987
988.445
984.774
989.121
984.774
984.774
985.035
984.945
989.597
995.608
990.069
994.398
984.774
985.004
988.211
984.367
989.057
985.213
984.176
984.155
979.128
979.168
979.845
979.301
978.227
979.824
978.963
979.361
978.864
983.490
977.684
977.494
977.583
976.799
976.001
976.131
976.001
981.054
987.893
976.500
975.666
983.525
979.475
977.501
979.805
979.047
983.056
980.792
976.593
975.672
975.687
975.637
979.112
984.025
978.837
986.230
977.250
974.985
972.488
973.753
981.787
971.399
971.398
971.393
971.393
970.170
975.377
970.351
974.592
971.683
970.555
970.505
970.430
970.170
970.847
970.808
980.424
970.296
970.141
973.462
971.656
971.355
970.283
972.759
970.202
966.677
966.564
966.550
966.462
963.825
966.065
963.826
966.699
964.717
962.587
962.587
962.587
962.609
963.346
962.862
963.765
957.384
961.697
959.256
957.384
957.353
956.233
957.140
956.232
956.561
960.975
958.484
955.608
955.608
958.847
979.296
955.608
953.807
961.200
956.093
952.697
953.323
952.598
952.548
951.453
951.846
959.814
951.414
951.414
950.948
955.218
950.948
950.932
949.819
951.115
950.046
953.475
949.818
949.817
951.470
949.817
950.383
949.836
947.938
948.981
947.954
948.069
947.948
947.298
937.320
937.253
939.302
947.289
938.263
937.253
940.563
937.271
938.631
936.756
936.725
943.912
932.596
932.444
932.129
944.589
932.129
930.892
928.769
929.653
930.473
929.653
928.724
928.730
927.685
927.687
927.685
927.674
926.949
930.943
928.284
927.566
940.441
926.339
926.373
926.587
928.368
927.516
926.339
926.294
932.101
927.167
924.858
926.194
925.108
924.337
925.383
924.337
924.336
935.185
923.684
917.332
917.246
917.294
916.667
917.127
921.940
916.727
916.996
917.187
916.858
916.632
916.526
917.111
916.773
916.575
923.577
924.306
919.608
916.526
917.446
916.526
917.026
916.595
916.570
916.968
924.554
921.919
916.439
917.270
916.710
915.770
915.439
915.440
915.711
915.528
915.746
916.554
915.497
917.569
915.434
915.434
915.434
921.182
916.002
915.437
915.454
920.475
923.348
915.316
915.316
916.442
916.411
931.598
919.271
915.983
914.502
914.427
914.449
916.001
914.427
916.168
915.592
914.475
914.478
916.503
924.231
911.000
916.346
911.000
914.535
911.082
911.000
911.000
913.403
910.864
911.022
910.864
910.846
910.846
910.916
910.629
915.064
908.041
908.084
908.041
908.031
909.860
908.171
908.124
908.835
914.502
907.914
918.630
907.914
912.387
910.121
907.975
907.831
907.832
907.842
907.814
907.816
918.224
907.486
907.564
907.190
907.879
913.304
905.864
905.864
905.721
909.836
926.558
905.780
908.217
907.213
908.852
906.459
906.812
905.721
905.443
905.443
907.718
905.807
905.151
904.075
907.660
904.283
906.723
904.496
904.590
906.020
904.397
905.497
903.668
912.548
903.618
904.565
906.146
903.618
901.412
901.412
924.523
904.554
902.267
901.283
902.454
899.144
899.144
899.890
899.175
898.491
898.538
898.980
896.763
898.250
896.763
896.724
896.724
896.692
896.896
897.379
896.586
896.586
896.586
897.227
896.592
903.684
903.518
900.551
900.027
896.887
896.586
898.864
899.432
896.585
896.708
896.587
896.435
896.429
895.820
895.820
896.311
895.298
895.173
895.730
894.748
894.905
894.760
913.882
893.823
894.096
895.108
895.138
895.834
893.265
900.556
893.226
894.008
894.405
893.229
894.757
894.015
893.101
893.055
892.670
893.079
896.660
892.557
892.916
892.374
892.614
892.293
892.214
893.618
886.841
890.724
886.963
894.814
887.072
886.115
886.116
892.599
886.733
891.667
900.405
886.116
887.920
888.848
890.475
885.915
884.522
888.011
903.230
885.132
884.460
885.729
884.483
884.460
884.460
888.634
884.404
884.579
883.677
883.647
883.647
883.550
883.548
884.005
884.603
883.724
892.788
883.759
883.965
889.788
890.053
883.645
884.968
884.193
887.188
884.473
886.535
883.501
884.310
886.917
883.499
883.503
901.941
883.301
885.164
885.676
883.321
887.107
883.301
883.028
885.248
882.618
882.655
887.170
882.967
882.996
883.709
882.623
884.787
891.872
882.617
881.985
883.389
880.097
880.489
880.587
881.327
879.966
884.316
880.559
891.355
879.962
880.199
881.532
884.766
879.714
874.822
874.830
876.341
874.822
874.822
879.090
876.906
885.060
875.282
874.012
878.866
873.783
875.463
872.794
875.650
880.573
876.584
872.794
872.364
872.364
870.893
871.030
871.313
871.632
870.528
871.946
871.855
870.528
871.279
869.491
869.873
869.491
872.822
869.823
878.581
890.673
871.876
869.477
869.477
870.300
873.725
870.830
869.478
870.506
869.813
869.927
871.561
869.543
871.619
871.675
869.428
870.072
869.504
869.426
872.470
870.197
870.142
869.426
869.577
869.426
869.544
869.426
869.426
870.405
877.952
872.618
869.426
869.453
869.986
875.748
869.449
870.620
871.682
869.312
869.330
869.786
872.976
870.141
869.034
871.616
869.068
886.812
869.034
869.944
874.084
869.208
867.394
867.425
867.367
869.711
867.367
867.211
867.211
866.926
866.895
863.877
865.525
863.877
869.224
864.007
864.099
866.255
864.102
859.203
859.987
859.738
859.626
859.203
863.869
858.260
861.784
859.170
859.191
859.988
860.786
858.258
862.746
858.046
858.858
858.239
858.084
869.573
867.390
858.484
873.964
858.046
859.667
858.619
858.090
858.046
858.046
858.248
857.211
856.000
855.850
855.879
855.850
861.634
859.727
856.089
855.850
856.283
865.880
861.593
855.736
853.741
853.741
858.167
852.281
853.607
853.439
858.185
852.833
852.281
852.281
852.281
852.281
863.974
852.281
852.375
861.070
852.280
852.280
877.353
852.280
853.732
854.650
853.449
853.283
855.207
865.197
852.983
860.043
856.278
853.293
852.351
851.686
853.121
851.308
852.379
850.563
852.801
850.563
849.320
849.320
849.320
851.276
849.539
856.628
855.835
851.569
849.853
850.584
849.441
854.565
863.446
849.224
850.304
851.853
862.510
862.258
852.467
849.647
850.870
853.439
849.224
849.870
853.681
850.910
849.219
849.209
850.920
849.157
849.336
852.916
861.959
849.915
849.554
849.157
849.220
851.442
849.157
852.943
849.097
849.832
851.397
858.215
847.759
853.724
848.066
855.341
849.459
854.185
847.166
848.947
847.166
847.166
846.404
846.364
846.610
845.903
845.420
845.218
844.783
844.887
845.235
844.230
848.325
847.220
843.379
842.688
845.251
846.540
842.779
842.958
843.265
841.573
846.313
841.870
842.351
842.049
841.987
873.373
842.891
848.660
847.957
840.529
841.266
840.566
840.527
844.212
842.133
840.693
840.547
840.527
842.091
841.060
842.039
840.749
840.463
853.565
840.463
841.965
840.463
839.796
840.238
839.796
839.796
846.409
855.523
839.722
839.894
839.970
840.702
839.930
839.709
839.869
842.661
839.601
839.872
839.670
840.241
843.247
839.900
840.246
840.430
841.221
839.600
841.855
839.600
839.344
840.501
840.751
839.344
839.314
841.401
839.296
839.214
845.269
838.740
838.895
838.740
838.712
839.161
838.703
838.725
838.536
838.524
838.727
838.507
838.507
836.509
838.130
836.513
837.957
839.527
845.861
839.410
836.507
836.620
836.236
832.015
835.420
831.260
831.260
831.678
831.306
831.260
832.125
832.178
831.260
831.257
832.180
834.988
835.382
830.165
829.323
829.456
831.761
830.240
829.273
833.659
832.688
829.275
829.569
829.254
829.658
830.987
829.776
829.262
830.423
827.680
830.038
826.447
826.447
831.885
827.524
830.932
826.739
832.869
827.406
826.442
827.023
826.442
827.750
826.442
826.570
826.422
836.929
826.422
826.269
826.070
826.070
829.295
826.256
826.329
826.178
825.644
826.913
825.630
827.764
825.639
825.630
825.616
826.327
825.279
825.310
825.501
825.915
825.527
825.269
826.454
826.238
829.376
825.682
829.629
824.337
824.373
829.958
826.947
826.967
826.055
826.014
828.518
829.657
822.849
844.500
827.814
825.184
824.090
824.060
822.849
822.733
822.635
825.621
827.471
828.983
830.446
822.637
824.300
821.717
821.869
821.717
822.418
821.717
821.156
821.156
819.774
820.481
848.714
820.794
823.119
820.806
821.233
820.949
820.393
821.539
819.768
819.768
828.191
821.053
826.646
820.604
819.151
835.882
819.151
820.730
819.385
819.151
823.500
819.150
819.157
819.413
821.955
820.943
819.572
818.283
826.225
818.225
818.225
818.343
817.369
817.877
817.367
817.317
819.490
824.412
817.271
817.755
830.013
817.271
817.271
829.354
818.109
818.635
817.200
818.116
816.966
817.755
816.966
816.966
816.849
823.250
817.440
816.832
816.660
817.143
819.011
818.189
816.665
817.791
816.660
816.464
827.510
818.522
816.459
816.459
816.527
816.125
826.142
818.118
815.323
815.732
815.701
815.338
816.440
815.323
816.779
829.667
815.226
813.950
813.950
813.435
817.199
813.369
821.301
814.579
813.369
822.390
814.954
812.378
812.172
812.061
810.847
810.941
810.258
810.605
810.726
804.863
803.482
809.009
802.746
802.289
802.323
800.213
803.197
800.213
801.855
800.146
800.127
800.132
813.271
801.324
806.569
798.402
801.884
813.366
809.379
805.541
799.130
797.089
797.262
801.956
797.089
797.612
797.067
803.153
797.067
797.293
799.791
799.926
797.067
797.832
796.507
799.848
796.507
796.995
796.129
795.628
795.790
795.296
795.456
795.296
795.315
796.317
795.215
795.216
800.648
795.364
800.335
795.198
796.656
795.257
795.358
796.191
794.818
796.157
799.157
796.239
794.942
800.720
797.588
795.380
797.929
796.253
794.818
793.417
793.175
796.520
793.175
792.512
794.939
792.898
800.050
793.184
792.642
792.466
797.858
792.466
793.275
792.466
792.339
792.740
792.339
792.026
792.131
792.022
791.376
792.238
791.071
789.657
789.395
789.286
789.642
788.832
792.413
797.863
788.842
789.095
797.689
788.832
793.190
790.051
791.160
788.832
789.022
795.148
790.223
786.360
786.482
786.359
786.166
786.270
787.468
818.774
786.886
786.414
786.208
784.990
784.979
789.409
784.365
784.806
787.124
784.798
786.938
788.110
783.983
784.795
784.336
786.948
785.629
783.712
784.351
783.712
785.158
785.335
783.900
783.712
783.695
786.531
795.803
785.114
783.319
782.862
783.060
788.054
783.149
785.316
783.185
782.435
782.634
788.040
782.675
785.929
784.253
782.548
812.628
781.788
782.191
781.873
788.799
783.687
781.788
785.881
781.788
782.122
804.228
781.954
780.437
780.642
789.823
782.677
783.810
780.437
788.862
780.009
785.143
780.626
778.114
778.114
779.436
778.418
778.166
778.114
778.121
779.995
778.269
783.535
778.114
778.114
774.147
773.978
773.978
775.242
775.097
774.331
773.980
774.908
773.712
773.952
778.599
782.677
774.717
775.897
773.714
774.043
793.693
777.700
773.324
775.551
773.324
774.460
790.167
773.200
774.785
777.520
773.191
773.337
772.339
772.217
770.201
773.754
770.201
770.201
770.609
770.207
770.422
774.337
774.693
770.689
774.373
772.928
770.201
770.201
773.251
770.005
771.597
771.321
768.815
768.818
794.791
774.347
769.597
772.198
768.418
772.372
768.683
767.960
769.210
767.969
767.719
767.662
767.643
770.343
772.990
770.079
775.251
767.643
794.631
772.326
767.723
767.643
767.420
769.099
767.411
767.798
767.631
769.669
769.468
767.500
768.018
767.386
767.194
769.630
767.740
767.596
767.456
769.629
767.194
765.438
765.438
765.130
772.824
765.555
768.142
772.175
765.130
765.130
765.093
766.752
762.968
763.664
764.512
773.033
763.236
762.968
764.595
763.783
763.837
761.752
763.889
759.936
760.088
764.609
759.962
759.279
759.262
759.301
770.007
764.056
759.240
764.690
761.335
759.727
756.849
755.433
755.399
756.354
755.399
756.843
757.660
756.144
754.968
764.414
757.285
754.119
754.809
753.685
773.428
754.885
755.708
755.987
753.538
759.110
763.094
755.350
750.788
767.006
753.041
750.788
753.475
750.381
750.719
748.237
770.570
748.007
756.668
749.818
748.007
747.650
748.130
751.021
747.685
761.118
747.648
755.197
749.313
754.287
748.546
744.219
745.242
744.219
742.932
741.486
742.164
742.014
744.331
748.784
739.271
740.319
739.470
739.271
739.763
739.271
739.496
741.438
739.471
739.958
739.801
739.207
740.432
739.207
739.337
737.879
737.879
735.596
736.411
737.046
735.587
743.636
735.768
734.652
735.462
734.626
734.626
734.626
734.902
740.278
734.778
734.624
736.685
734.624
736.159
741.077
734.624
733.379
733.296
733.296
733.296
733.329
747.313
733.318
735.489
733.218
736.045
734.104
732.932
732.932
735.699
734.563
749.844
751.757
740.785
733.395
733.207
732.830
732.830
732.830
732.907
732.799
732.808
732.799
736.340
732.799
732.799
733.509
732.793
732.732
734.917
732.337
732.337
732.576
732.337
732.407
732.337
734.847
733.133
731.219
731.219
733.668
731.219
731.419
730.936
730.936
733.369
734.378
744.276
739.284
730.936
731.211
746.394
731.192
737.010
730.643
738.840
730.691
732.531
728.688
729.638
728.788
755.418
728.177
728.079
728.079
728.560
728.403
728.319
728.380
731.045
728.086
727.575
727.575
727.577
727.447
736.979
727.510
728.695
727.673
727.312
728.113
728.909
727.368
727.828
727.312
727.335
726.625
726.741
759.953
733.981
727.187
725.965
726.227
732.185
725.965
726.155
728.121
728.467
729.997
726.079
725.967
725.719
723.472
722.996
725.826
724.373
722.891
723.231
724.198
727.154
722.739
723.695
722.671
722.615
725.330
721.158
721.181
722.503
721.128
721.569
721.134
727.476
723.465
722.003
724.926
721.321
721.103
721.108
721.103
721.117
723.081
721.376
724.368
720.892
724.006
727.822
721.887
720.894
721.091
721.816
739.769
729.218
722.572
720.877
720.877
744.601
720.718
731.972
723.177
720.985
717.465
725.451
717.465
745.595
718.398
716.761
721.847
716.596
721.521
716.594
722.849
715.607
716.220
744.067
714.836
715.416
714.560
714.558
715.678
715.114
714.934
714.481
714.484
715.376
714.645
714.457
714.209
714.214
714.209
714.760
713.903
713.903
715.340
714.047
714.682
714.938
713.905
713.900
713.915
710.829
710.938
719.626
710.913
734.531
710.908
711.488
710.829
710.829
710.829
710.781
718.158
710.769
715.483
710.907
711.182
710.805
712.207
713.384
730.743
711.515
710.960
710.769
710.258
710.293
710.521
711.507
715.470
711.666
711.412
710.258
710.258
710.910
720.999
710.519
710.258
710.813
710.686
710.176
714.406
709.140
726.593
709.624
710.121
709.323
709.244
710.030
710.926
708.709
713.492
708.527
710.987
710.267
709.367
713.558
709.222
726.874
708.803
707.172
708.284
705.379
707.586
745.563
704.835
706.379
704.829
708.870
704.829
704.892
704.730
705.393
710.325
704.718
707.807
704.126
704.000
703.142
703.134
703.226
703.160
715.682
701.703
701.531
701.453
701.347
701.652
701.257
704.364
706.483
701.271
708.969
702.212
702.846
701.284
701.437
703.286
701.137
701.610
701.137
700.748
712.993
701.806
703.909
700.554
700.554
700.471
703.422
700.471
702.002
700.705
700.388
700.388
700.387
700.036
700.078
700.273
700.036
700.037
701.375
702.472
699.892
703.547
701.109
699.927
708.629
703.107
699.892
699.892
712.956
700.436
699.937
700.427
699.892
703.852
702.302
701.654
700.093
699.720
699.717
701.936
698.874
700.286
698.874
699.412
700.448
698.784
696.105
699.958
693.906
697.537
694.254
692.795
693.330
700.114
692.795
694.508
698.976
700.416
692.434
692.477
693.141
692.435
693.811
691.957
691.957
691.919
691.919
697.531
695.952
691.039
691.693
691.039
691.465
690.777
691.241
692.878
690.829
690.533
690.492
690.382
692.251
690.528
691.227
690.383
690.355
694.472
693.211
692.860
689.523
690.218
689.598
689.547
688.273
689.803
689.782
693.975
692.685
688.568
689.668
689.121
688.270
688.353
688.270
690.637
688.270
688.040
688.274
689.731
690.134
687.997
699.668
697.990
687.997
700.119
688.012
697.662
690.786
690.459
691.197
683.280
683.275
682.845
683.220
684.617
682.627
691.160
682.627
684.799
684.407
682.627
682.631
680.341
680.341
680.341
680.233
680.231
680.231
681.570
680.315
679.993
676.297
683.903
679.789
677.640
676.429
676.297
676.740
676.297
677.902
677.930
678.140
679.607
686.522
676.585
677.825
674.934
684.357
674.941
672.250
672.250
674.674
672.630
676.085
674.475
672.249
665.617
665.999
667.049
665.814
667.317
665.615
669.267
665.357
665.410
665.357
663.270
666.487
665.297
663.788
671.381
665.691
664.960
663.460
663.835
665.973
663.474
662.055
667.149
662.055
662.669
662.772
668.075
662.053
665.425
661.925
664.180
666.083
662.101
661.925
668.116
666.663
662.327
664.860
661.879
663.440
661.815
662.910
661.619
661.746
660.944
664.050
662.644
660.944
659.228
659.318
659.924
659.228
658.749
660.346
658.512
660.196
660.585
658.512
661.340
658.512
659.239
658.851
659.920
659.919
662.719
667.374
659.986
658.509
658.694
657.696
682.809
658.362
657.228
659.971
661.721
657.228
657.157
655.877
653.645
653.487
653.439
653.252
655.129
652.307
663.282
652.328
652.213
653.447
653.888
652.260
651.892
655.337
652.447
651.943
652.056
651.634
651.663
653.454
656.702
651.717
651.634
652.633
651.631
651.305
654.233
651.305
654.214
649.586
649.624
651.582
652.449
649.566
650.625
649.576
649.462
650.123
649.163
649.163
648.626
649.356
648.799
648.596
649.980
648.596
656.406
648.596
649.676
648.778
648.624
648.499
648.499
648.499
648.369
648.417
647.442
647.564
649.115
647.414
646.331
646.464
646.455
646.314
648.679
645.468
648.874
646.774
646.001
645.681
655.278
649.147
645.770
645.224
645.320
646.280
645.224
645.445
645.224
665.741
644.686
645.442
644.686
647.115
644.686
645.820
645.876
645.728
645.628
644.686
644.685
643.869
643.880
647.795
644.369
646.977
644.220
643.770
645.571
644.474
643.770
646.182
646.459
643.772
643.314
645.438
643.195
644.716
643.195
643.441
645.673
643.053
646.469
647.568
644.660
642.854
642.634
642.914
643.101
642.281
642.281
648.905
638.775
640.398
646.128
638.774
646.942
640.594
643.782
638.658
644.447
639.988
639.011
639.427
640.089
642.919
639.386
641.202
655.686
637.817
639.943
640.411
637.815
638.390
636.983
637.228
645.239
636.973
638.842
636.393
638.134
636.109
636.042
636.424
637.698
635.366
635.366
635.419
635.366
637.273
629.523
630.554
628.561
629.972
651.236
630.002
633.533
628.675
628.773
628.861
631.715
628.880
628.601
628.550
627.274
627.274
626.642
625.006
624.847
634.252
624.853
636.141
624.978
624.847
631.015
624.847
625.481
625.445
624.847
625.285
624.847
632.738
624.812
624.812
627.397
624.438
624.555
638.699
624.530
624.438
624.350
626.115
625.404
623.578
623.330
631.141
620.881
633.974
620.807
622.838
620.919
620.884
626.325
620.233
620.233
620.222
624.230
620.227
620.206
622.414
620.206
620.206
624.922
619.646
621.830
618.175
618.528
618.171
618.642
617.199
617.153
618.097
618.701
620.810
617.153
618.127
616.236
616.292
616.217
613.465
614.413
613.465
629.166
613.465
643.199
613.265
613.500
613.501
613.265
613.588
612.559
612.559
613.491
612.622
612.338
614.518
613.411
634.013
609.907
609.902
610.560
622.849
609.884
611.972
612.440
611.750
629.411
618.761
623.499
610.907
610.247
612.077
609.870
613.780
611.103
609.875
609.379
617.165
612.508
609.376
609.429
613.979
613.883
610.729
615.415
609.207
609.530
610.183
609.716
611.094
615.639
609.252
608.202
608.692
612.894
609.479
608.244
608.568
606.790
606.790
617.107
608.499
606.790
608.858
610.493
609.743
606.360
605.550
605.174
632.660
608.879
605.174
605.174
611.275
605.064
621.246
605.076
605.064
605.195
606.539
611.613
604.253
645.301
604.248
604.248
614.046
604.248
604.197
604.935
608.428
603.613
603.620
603.601
606.164
608.460
609.202
608.561
603.601
603.599
608.151
603.599
603.603
608.119
605.991
603.876
604.082
609.907
604.374
603.146
606.228
603.047
603.029
603.006
601.390
603.370
601.390
601.390
601.408
601.391
603.997
601.390
602.247
606.220
602.628
601.764
601.542
607.188
601.507
600.689
600.898
600.760
603.537
601.115
601.823
601.790
600.770
600.689
600.700
601.923
600.688
600.691
600.678
600.528
600.241
600.241
601.687
599.999
603.446
599.687
599.612
599.587
599.586
604.279
599.767
599.693
599.597
601.163
600.090
603.221
599.013
597.922
598.157
615.398
597.922
599.472
598.280
596.553
596.553
596.551
596.547
598.632
597.133
599.997
599.764
597.507
598.141
604.966
603.557
596.924
596.547
596.547
595.093
601.446
599.418
595.030
603.425
596.204
595.125
594.541
593.177
594.605
593.823
593.370
593.022
592.664
593.995
594.195
592.983
592.664
635.077
594.261
592.664
592.664
595.839
592.479
592.209
592.209
592.090
597.448
591.709
590.859
598.025
591.987
592.291
592.133
591.576
592.855
590.558
590.752
594.621
590.558
590.478
590.558
590.212
592.048
590.212
590.212
593.486
590.212
590.392
591.285
590.211
590.649
588.471
588.923
588.471
591.964
601.436
591.111
599.009
588.669
590.735
588.470
588.470
588.493
587.382
587.455
587.568
587.692
586.688
586.665
586.630
586.630
586.996
586.648
586.630
592.099
586.566
589.542
588.323
586.535
587.313
589.457
586.541
588.612
586.535
592.866
586.058
587.164
608.997
596.636
586.193
586.058
587.108
586.054
586.275
586.511
586.020
586.077
588.335
587.746
587.052
586.020
587.063
586.230
586.081
586.683
602.652
585.821
586.138
596.980
591.041
596.846
585.859
585.821
585.821
588.651
585.871
591.036
599.075
585.821
600.032
585.711
592.919
591.228
586.339
588.755
589.313
584.985
587.768
583.973
602.950
596.952
583.779
589.588
583.555
583.747
588.649
583.493
583.535
583.492
583.972
584.114
583.494
583.492
582.348
582.348
583.189
584.081
587.094
582.342
583.215
587.298
582.342
582.342
584.873
582.068
586.488
581.424
580.164
580.164
582.110
581.712
580.163
580.479
580.040
581.473
580.040
580.252
580.159
584.533
580.820
580.352
582.429
579.783
579.767
581.498
579.767
580.843
579.766
579.766
579.950
584.634
579.731
583.703
581.054
579.731
580.505
579.326
578.045
578.045
579.397
578.749
584.604
578.616
581.045
577.665
578.894
577.611
579.305
582.538
577.645
580.345
577.721
577.023
577.381
577.025
577.386
576.959
575.828
585.104
575.828
576.747
574.285
574.315
574.603
574.349
579.083
578.971
574.376
573.253
576.219
572.828
571.848
572.657
577.370
572.624
572.605
571.128
574.201
571.128
570.594
571.051
572.945
570.145
570.176
570.155
571.715
569.319
569.455
569.078
573.398
569.029
571.301
569.111
569.614
570.420
572.534
569.029
572.868
568.755
568.755
568.735
571.623
567.630
566.362
567.043
566.655
566.710
567.034
562.808
562.810
563.411
563.322
563.108
562.808
565.378
562.599
562.599
562.421
562.676
562.663
562.691
562.421
563.921
562.233
569.566
562.233
562.597
562.246
569.089
571.627
562.484
562.233
562.405
564.384
562.675
562.233
562.253
561.804
561.548
562.996
561.376
566.729
561.376
561.376
560.940
563.533
562.851
565.139
560.907
560.841
562.409
560.343
561.763
560.348
560.048
581.481
560.193
561.186
563.986
567.970
570.855
562.589
562.294
561.378
560.048
559.417
558.165
560.259
558.165
559.498
577.265
577.852
561.498
557.316
557.316
558.452
557.316
557.529
557.316
557.316
555.232
555.232
555.232
554.953
556.299
557.857
554.953
555.631
557.231
556.453
554.952
559.059
550.592
555.172
551.466
551.335
550.623
551.121
550.621
551.148
551.279
551.312
549.214
549.222
549.233
549.198
552.209
549.915
549.693
549.175
552.441
549.278
549.172
550.836
549.225
548.899
550.045
549.130
550.266
548.944
551.320
549.005
551.036
551.453
549.071
548.116
548.128
546.698
548.850
550.471
546.698
547.049
546.698
547.964
546.698
546.698
568.092
547.847
546.698
548.791
546.513
546.338
546.833
546.337
546.333
548.893
545.830
547.866
546.693
552.850
545.667
545.438
545.438
546.180
545.572
547.073
545.399
545.371
549.629
544.836
543.735
547.563
543.972
543.735
543.735
544.012
544.232
543.732
543.731
543.731
543.731
552.372
544.552
543.038
543.038
542.233
546.866
546.317
542.234
542.233
541.432
542.709
541.725
544.404
541.522
543.075
559.909
544.908
541.432
541.240
541.241
541.268
541.536
541.307
541.222
544.677
543.900
540.655
542.797
547.343
541.589
540.656
541.309
540.116
564.489
540.183
541.661
540.275
540.541
540.116
540.540
540.116
540.856
540.116
540.116
540.422
539.612
542.222
540.837
539.804
540.268
539.203
539.090
539.293
538.991
543.346
538.892
540.685
538.889
538.889
543.874
538.726
538.298
538.446
538.299
538.309
538.434
535.387
535.699
538.390
535.484
535.387
535.386
537.701
537.829
537.576
535.332
535.345
535.416
542.423
535.297
535.400
536.278
537.049
535.297
535.023
535.023
535.023
535.028
538.196
535.023
534.766
534.608
532.985
538.840
533.937
534.049
542.142
535.575
534.220
533.384
531.778
531.752
531.837
540.843
531.753
531.916
530.345
526.207
538.804
526.207
537.291
526.207
528.296
529.232
526.942
526.964
531.599
526.466
526.194
527.035
527.331
526.806
526.321
526.205
525.141
525.054
525.054
524.904
525.117
524.917
525.943
524.300
527.061
522.848
522.745
525.108
522.745
531.339
523.367

Error results for SA
---------------------------
1786.965
1785.477
1787.495
1791.741
1791.744
1796.002
1795.472
1795.472
1794.931
1802.625
1802.628
1802.453
1799.728
1799.804
1799.149
1815.580
1815.580
1819.282
1819.335
1819.468
1817.522
1817.540
1823.635
1824.005
1823.883
1822.580
1822.606
1825.197
1826.076
1826.076
1826.076
1838.585
1838.702
1838.649
1838.553
1840.003
1839.609
1839.740
1838.281
1838.468
1838.468
1838.441
1826.566
1823.941
1823.941
1823.834
1823.071
1826.032
1826.084
1826.222
1826.413
1829.557
1830.540
1830.540
1831.044
1831.044
1836.088
1835.657
1837.884
1837.884
1837.902
1838.234
1837.190
1837.334
1837.459
1840.471
1839.667
1838.501
1838.421
1838.618
1838.392
1838.392
1839.232
1839.673
1841.219
1841.142
1836.525
1836.555
1836.555
1836.555
1836.517
1836.566
1850.072
1849.140
1849.101
1849.446
1854.768
1854.793
1854.789
1854.789
1857.487
1857.487
1858.590
1856.876
1853.121
1853.137
1853.137
1852.856
1854.444
1855.003
1849.541
1849.547
1848.655
1849.434
1849.434
1849.400
1849.317
1843.296
1845.191
1845.191
1845.193
1845.193
1842.584
1842.988
1842.988
1849.508
1849.601
1850.034
1848.897
1848.796
1848.016
1848.016
1847.965
1848.879
1841.269
1845.990
1846.358
1846.358
1846.553
1846.756
1844.535
1841.011
1834.959
1835.456
1835.567
1835.093
1829.378
1830.721
1830.721
1829.614
1829.258
1831.081
1833.272
1834.072
1832.351
1832.358
1835.979
1835.942
1835.785
1836.468
1836.520
1830.210
1830.220
1832.977
1824.861
1824.779
1823.998
1819.719
1819.719
1819.027
1819.191
1819.327
1816.617
1815.936
1813.142
1813.074
1814.018
1814.027
1817.596
1817.596
1817.596
1817.596
1824.616
1823.847
1826.536
1826.453
1826.455
1826.455
1826.455
1826.506
1826.351
1826.351
1826.347
1826.412
1826.263
1832.178
1829.285
1829.125
1829.125
1830.728
1830.785
1838.418
1833.834
1833.834
1833.984
1833.997
1831.837
1830.252
1835.874
1835.797
1836.062
1835.823
1834.022
1835.339
1837.947
1837.947
1837.934
1848.935
1848.892
1849.775
1850.257
1866.231
1863.781
1867.608
1865.027
1864.879
1868.563
1867.533
1868.328
1868.413
1868.388
1869.340
1869.263
1854.565
1854.565
1853.311
1853.311
1851.195
1851.008
1851.006
1850.869
1850.827
1850.823
1850.880
1854.395
1853.995
1853.995
1853.665
1859.721
1863.875
1863.763
1863.789
1862.106
1862.366
1861.331
1864.729
1864.857
1865.764
1864.608
1864.335
1863.789
1863.789
1864.865
1864.547
1867.683
1867.683
1867.674
1867.670
1868.314
1868.314
1868.272
1869.050
1869.050
1872.228
1872.491
1872.490
1870.214
1867.905
1867.842
1867.351
1867.351
1867.351
1867.082
1868.031
1868.030
1865.781
1865.756
1865.621
1865.616
1868.457
1872.964
1872.947
1879.437
1879.415
1874.149
1867.075
1867.074
1867.069
1866.922
1865.123
1866.252
1867.447
1867.447
1867.103
1868.010
1859.613
1855.558
1864.813
1864.309
1864.435
1870.336
1870.336
1869.903
1865.992
1854.635
1860.297
1859.963
1859.645
1859.645
1859.710
1859.578
1859.567
1862.890
1862.122
1862.122
1862.579
1863.812
1863.789
1863.789
1864.297
1865.013
1864.929
1864.492
1863.467
1863.182
1863.182
1863.182
1864.091
1864.091
1864.088
1861.956
1862.760
1866.569
1864.433
1864.429
1864.429
1865.635
1863.897
1865.728
1868.317
1868.050
1868.051
1867.224
1871.036
1872.615
1871.372
1871.372
1865.206
1865.207
1865.172
1865.172
1865.422
1865.829
1855.358
1853.432
1850.318
1854.947
1854.515
1853.415
1855.515
1858.537
1853.740
1847.905
1848.258
1848.222
1843.267
1843.124
1841.517
1840.931
1840.931
1840.931
1841.159
1842.056
1842.043
1842.042
1842.205
1843.961
1841.463
1845.503
1844.905
1844.158
1844.158
1841.735
1841.252
1839.853
1840.117
1839.440
1835.849
1838.030
1838.028
1841.015
1841.033
1841.146
1840.193
1840.193
1841.285
1836.102
1836.455
1836.849
1838.019
1838.150
1838.150
1839.940
1840.589
1840.087
1840.599
1828.294
1827.715
1822.449
1822.535
1822.525
1826.095
1826.076
1826.371
1826.390
1826.696
1826.467
1826.542
1826.542
1824.893
1824.893
1822.015
1822.716
1822.999
1814.518
1814.468
1814.671
1814.652
1815.098
1815.621
1815.166
1813.023
1814.457
1814.112
1813.377
1810.955
1810.957
1811.042
1812.298
1812.298
1814.776
1814.775
1814.852
1813.957
1813.696
1814.549
1812.261
1812.374
1814.392
1814.392
1812.431
1812.429
1815.150
1815.150
1815.151
1817.227
1817.828
1820.074
1818.373
1818.296
1816.429
1816.476
1816.654
1817.638
1819.614
1814.370
1813.715
1815.644
1812.155
1812.124
1812.717
1812.849
1814.007
1814.007
1814.003
1812.262
1813.614
1813.542
1816.344
1816.341
1817.813
1818.396
1817.295
1815.709
1813.116
1813.179
1813.729
1819.150
1820.885
1820.885
1820.900
1818.176
1818.364
1818.364
1818.580
1819.244
1820.239
1819.153
1818.210
1818.243
1818.237
1818.237
1819.426
1819.426
1821.334
1822.894
1818.316
1819.966
1826.683
1834.393
1834.028
1833.054
1832.759
1829.378
1830.627
1830.349
1833.175
1832.663
1832.596
1830.727
1834.084
1834.084
1834.056
1833.773
1833.946
1833.952
1837.851
1837.852
1837.852
1832.785
1833.002
1832.964
1830.423
1827.662
1834.008
1833.808
1833.847
1833.847
1834.675
1833.948
1833.358
1835.877
1835.904
1835.517
1836.606
1836.534
1836.332
1836.012
1835.924
1835.924
1828.948
1830.561
1830.561
1827.643
1829.843
1832.124
1832.106
1829.632
1828.437
1833.367
1836.299
1838.378
1839.839
1837.415
1840.450
1839.177
1840.485
1840.485
1841.713
1836.940
1836.940
1836.222
1836.075
1835.375
1833.665
1833.962
1832.301
1832.634
1832.585
1832.606
1831.076
1831.595
1831.788
1831.930
1828.531
1824.323
1824.139
1824.382
1824.382
1823.679
1824.896
1823.383
1821.103
1825.050
1827.991
1826.852
1826.909
1826.919
1827.471
1827.471
1822.695
1821.409
1819.625
1816.004
1820.675
1817.361
1818.480
1818.480
1821.975
1822.277
1821.387
1824.260
1819.485
1820.389
1821.157
1814.973
1814.926
1813.325
1814.304
1816.747
1816.747
1812.976
1811.910
1814.089
1814.089
1813.933
1813.929
1818.192
1820.451
1817.016
1817.896
1817.724
1817.719
1817.719
1831.271
1831.271
1834.372
1834.372
1834.372
1834.126
1820.921
1820.921
1820.921
1818.197
1820.611
1820.283
1820.330
1815.413
1814.469
1816.791
1817.131
1817.131
1817.282
1815.795
1815.795
1814.609
1814.584
1813.056
1812.087
1812.488
1812.488
1812.185
1812.338
1806.884
1804.777
1804.992
1806.527
1806.534
1809.666
1811.886
1811.880
1811.921
1811.601
1814.248
1820.326
1820.371
1820.127
1816.761
1815.113
1815.091
1815.195
1816.628
1816.628
1823.168
1823.168
1824.618
1825.018
1825.018
1822.439
1823.712
1823.496
1827.971
1823.428
1823.428
1822.244
1822.262
1822.161
1821.719
1824.517
1824.556
1824.556
1824.530
1824.581
1824.709
1824.857
1825.984
1829.358
1828.849
1829.245
1823.560
1823.560
1823.560
1823.560
1830.730
1830.892
1830.776
1831.293
1824.724
1826.553
1826.551
1826.328
1826.328
1826.519
1828.974
1837.179
1837.179
1837.218
1837.351
1837.351
1837.371
1837.351
1837.631
1837.660
1838.996
1839.026
1843.301
1847.902
1843.801
1850.075
1849.111
1849.693
1849.693
1849.693
1849.692
1849.715
1847.945
1848.077
1844.378
1844.670
1845.172
1839.613
1839.803
1835.851
1833.982
1833.796
1835.542
1841.802
1841.394
1841.537
1841.719
1841.719
1837.909
1837.818
1837.936
1834.985
1844.785
1834.981
1834.949
1839.469
1834.747
1834.565
1836.022
1837.888
1832.545
1832.545
1832.296
1833.011
1833.035
1822.371
1823.213
1825.545
1822.587
1823.027
1823.737
1821.632
1821.631
1820.478
1817.378
1817.500
1817.778
1812.140
1812.140
1814.066
1812.140
1809.387
1809.387
1805.761
1806.429
1804.347
1804.347
1804.324
1804.329
1806.267
1807.335
1805.203
1804.168
1802.470
1802.117
1802.826
1802.117
1802.032
1802.030
1805.992
1802.030
1802.045
1802.115
1803.163
1802.115
1804.297
1802.276
1802.276
1802.271
1802.684
1802.294
1802.294
1802.242
1804.373
1805.318
1802.293
1803.979
1805.726
1802.814
1802.633
1803.458
1802.585
1804.224
1802.365
1802.352
1803.965
1801.010
1792.428
1792.428
1788.852
1783.603
1783.603
1788.186
1783.744
1783.603
1783.603
1783.449
1782.357
1781.278
1780.957
1780.595
1780.333
1781.614
1780.252
1779.767
1779.741
1778.603
1786.899
1778.477
1777.807
1777.865
1778.308
1778.565
1777.628
1778.183
1779.586
1774.061
1778.415
1774.061
1775.646
1772.593
1772.593
1772.593
1772.789
1772.337
1772.337
1772.645
1773.519
1769.425
1769.238
1767.808
1768.695
1767.829
1765.820
1778.542
1765.696
1765.688
1766.504
1765.646
1766.016
1765.429
1763.591
1764.540
1763.464
1763.491
1764.012
1763.464
1763.464
1764.060
1766.689
1762.698
1761.078
1760.609
1760.614
1760.508
1760.442
1761.134
1758.555
1751.567
1751.828
1751.683
1751.495
1749.898
1750.548
1749.899
1749.920
1749.899
1750.215
1749.899
1747.891
1748.324
1748.446
1748.382
1747.891
1747.891
1757.183
1748.119
1747.891
1747.891
1757.600
1750.580
1747.880
1745.716
1745.647
1740.425
1739.894
1731.563
1732.378
1731.612
1730.790
1730.024
1730.024
1729.643
1734.274
1729.633
1729.735
1729.567
1729.955
1724.476
1727.368
1726.428
1721.652
1721.652
1721.652
1721.727
1722.170
1721.652
1726.501
1721.652
1719.609
1719.779
1727.258
1719.109
1715.636
1715.636
1714.921
1714.921
1714.702
1714.023
1714.023
1713.944
1717.609
1715.470
1713.026
1713.005
1712.302
1718.053
1711.923
1713.798
1711.888
1708.276
1708.103
1712.599
1707.892
1705.376
1705.843
1701.296
1700.378
1700.581
1699.858
1699.858
1699.939
1700.270
1699.977
1699.858
1700.229
1699.825
1699.441
1700.137
1698.669
1694.612
1694.613
1694.612
1694.612
1695.302
1694.741
1697.940
1693.090
1693.086
1693.086
1692.953
1693.561
1692.953
1684.971
1684.540
1686.246
1684.519
1685.709
1684.306
1701.933
1684.349
1688.945
1683.761
1688.565
1683.633
1684.315
1683.633
1681.864
1682.146
1682.496
1681.880
1682.669
1681.864
1681.237
1677.879
1677.528
1677.544
1682.740
1680.220
1680.690
1680.031
1679.831
1680.888
1671.411
1670.055
1670.168
1671.880
1670.055
1670.055
1678.846
1670.078
1669.879
1666.066
1666.066
1665.627
1666.279
1665.627
1665.379
1665.488
1665.620
1665.374
1665.374
1667.841
1665.978
1665.374
1664.689
1664.692
1664.790
1665.200
1665.556
1664.265
1660.708
1660.708
1666.208
1661.009
1657.139
1656.460
1655.395
1653.482
1649.829
1649.829
1654.733
1652.517
1649.986
1654.619
1647.984
1648.013
1647.984
1659.962
1644.974
1644.796
1642.186
1640.780
1641.636
1639.224
1639.224
1635.479
1635.765
1636.321
1639.505
1637.237
1635.479
1629.104
1630.067
1631.347
1627.982
1631.990
1627.989
1630.757
1629.022
1628.747
1628.604
1627.923
1628.182
1629.183
1629.118
1628.656
1627.821
1628.578
1627.821
1627.918
1627.871
1626.976
1624.353
1626.433
1624.851
1624.726
1624.321
1624.324
1620.751
1620.751
1622.581
1620.751
1626.954
1622.178
1621.309
1621.040
1625.719
1621.445
1622.278
1618.451
1613.091
1613.091
1612.004
1613.192
1609.414
1609.420
1609.414
1609.566
1609.414
1616.844
1608.462
1611.538
1608.466
1608.521
1608.672
1605.472
1605.972
1605.627
1605.444
1612.525
1605.392
1605.188
1605.068
1607.444
1603.983
1603.438
1602.834
1602.834
1602.872
1601.238
1601.238
1601.993
1600.889
1600.889
1601.111
1600.889
1601.645
1600.889
1600.889
1600.843
1601.865
1600.843
1600.781
1600.805
1600.781
1600.902
1599.830
1599.622
1601.702
1599.902
1601.029
1601.099
1602.884
1599.453
1599.335
1596.154
1596.747
1595.884
1595.895
1595.892
1595.884
1595.705
1595.779
1593.751
1593.689
1592.817
1583.203
1581.487
1581.487
1581.573
1581.318
1579.539
1578.677
1580.040
1578.609
1579.623
1578.832
1578.609
1578.581
1578.646
1579.152
1577.940
1578.465
1577.940
1578.438
1578.065
1578.342
1578.559
1577.947
1578.305
1577.940
1578.740
1577.375
1577.246
1577.246
1577.246
1577.246
1577.246
1577.105
1576.107
1577.036
1574.807
1572.433
1572.433
1572.781
1572.418
1572.418
1572.094
1571.852
1571.852
1572.718
1571.852
1571.852
1571.982
1573.404
1571.501
1571.501
1573.686
1572.186
1571.279
1571.072
1571.072
1568.860
1568.860
1568.876
1568.926
1569.802
1564.294
1565.354
1563.749
1569.572
1563.159
1562.061
1561.987
1564.132
1561.801
1561.274
1565.952
1560.700
1565.112
1560.217
1560.217
1559.948
1561.700
1557.108
1557.594
1556.668
1556.698
1557.550
1559.456
1556.724
1560.089
1561.968
1555.723
1555.642
1555.642
1561.068
1555.642
1556.431
1555.578
1556.149
1555.794
1555.579
1555.514
1559.639
1555.514
1555.516
1557.892
1555.934
1554.756
1554.459
1553.683
1554.113
1554.431
1556.860
1553.425
1553.424
1553.422
1554.340
1553.701
1553.510
1554.872
1554.920
1551.515
1553.524
1553.116
1551.516
1551.514
1550.172
1549.903
1548.384
1548.384
1548.618
1548.444
1548.384
1548.410
1548.382
1548.449
1548.433
1548.412
1548.541
1549.267
1548.638
1548.373
1548.373
1546.263
1552.529
1546.263
1546.263
1543.148
1543.052
1543.470
1542.416
1544.079
1541.971
1541.955
1539.955
1539.895
1539.895
1539.685
1539.654
1538.836
1538.836
1538.276
1538.276
1539.397
1538.276
1537.742
1536.622
1535.269
1538.738
1535.269
1535.296
1535.270
1535.518
1535.269
1535.270
1535.609
1536.254
1536.002
1535.265
1536.041
1528.579
1531.783
1528.469
1525.731
1525.731
1528.851
1527.289
1531.508
1525.790
1525.313
1525.313
1526.056
1524.126
1520.087
1520.804
1520.087
1520.087
1519.791
1519.261
1519.261
1519.591
1519.067
1515.745
1516.799
1515.747
1515.811
1518.074
1518.071
1515.106
1508.063
1508.084
1508.063
1508.158
1516.972
1507.170
1507.173
1510.006
1507.170
1512.244
1507.168
1507.467
1507.255
1507.168
1506.751
1506.751
1508.610
1506.768
1507.119
1513.655
1504.419
1504.419
1504.419
1504.419
1504.419
1517.894
1504.437
1501.080
1505.480
1497.883
1497.558
1497.558
1497.463
1497.769
1497.728
1497.463
1497.463
1499.436
1497.659
1496.532
1496.743
1496.468
1496.713
1495.545
1495.557
1495.545
1488.512
1488.946
1503.972
1492.625
1492.902
1488.629
1488.853
1488.378
1488.378
1488.638
1488.966
1488.581
1488.049
1488.175
1488.044
1485.355
1484.948
1488.346
1484.948
1484.956
1482.836
1482.039
1488.130
1482.726
1482.158
1482.177
1482.934
1481.784
1481.792
1481.784
1482.111
1481.731
1481.731
1481.731
1481.982
1480.526
1481.117
1481.288
1478.782
1478.825
1479.029
1478.652
1481.704
1477.419
1477.968
1477.731
1484.101
1477.450
1487.396
1479.068
1476.875
1476.875
1475.527
1474.271
1474.288
1473.833
1473.524
1478.828
1475.215
1473.578
1469.206
1469.776
1468.980
1468.980
1468.980
1468.980
1477.075
1470.438
1468.599
1471.225
1468.582
1467.718
1466.542
1468.185
1466.084
1466.084
1466.064
1468.663
1466.133
1466.841
1465.926
1465.821
1465.342
1466.689
1465.344
1466.170
1466.077
1464.463
1468.490
1465.481
1466.575
1464.463
1464.473
1463.997
1463.997
1464.303
1464.782
1463.997
1463.867
1464.724
1463.338
1468.136
1467.836
1463.494
1462.639
1468.802
1462.639
1462.639
1462.656
1459.516
1459.415
1462.444
1459.389
1459.291
1458.811
1465.320
1458.811
1458.811
1455.864
1459.440
1455.864
1455.566
1455.003
1455.003
1454.183
1454.431
1454.183
1453.203
1453.456
1451.389
1452.343
1451.223
1451.223
1449.246
1457.474
1449.246
1448.544
1448.300
1448.300
1447.634
1447.637
1446.992
1447.874
1446.888
1446.888
1446.888
1446.280
1448.427
1446.412
1445.843
1443.480
1444.229
1451.507
1443.484
1443.481
1442.642
1442.984
1435.358
1435.358
1435.359
1435.039
1449.871
1439.792
1433.885
1434.707
1433.885
1438.089
1433.889
1435.504
1433.885
1432.387
1432.387
1437.177
1429.851
1429.615
1429.600
1430.222
1429.600
1429.600
1429.534
1429.534
1430.460
1429.534
1432.043
1428.817
1430.093
1428.818
1428.670
1429.042
1429.940
1428.670
1428.670
1428.670
1434.121
1430.939
1433.165
1424.844
1426.890
1425.865
1424.847
1436.138
1424.742
1424.750
1424.742
1424.742
1424.743
1424.585
1425.672
1423.804
1423.425
1427.378
1423.586
1424.405
1423.425
1423.425
1423.436
1423.528
1423.425
1424.309
1425.378
1422.743
1423.049
1422.796
1422.853
1422.358
1422.522
1422.007
1422.026
1421.726
1421.942
1422.468
1421.847
1422.299
1432.961
1421.933
1421.622
1421.236
1421.275
1421.236
1421.276
1422.883
1422.595
1423.933
1421.295
1420.375
1420.127
1420.134
1420.127
1419.461
1420.957
1419.495
1419.469
1422.015
1420.995
1420.194
1418.708
1418.571
1418.806
1422.557
1427.934
1418.338
1418.040
1418.040
1419.145
1418.040
1421.949
1418.040
1417.597
1417.167
1417.167
1417.145
1416.423
1417.766
1416.423
1416.416
1418.484
1416.372
1418.683
1406.823
1406.823
1404.836
1405.751
1404.643
1410.677
1404.489
1408.819
1404.209
1404.279
1404.173
1405.303
1404.231
1406.655
1416.261
1404.172
1404.191
1404.226
1403.526
1406.492
1403.775
1403.526
1403.442
1403.442
1403.442
1403.255
1409.143
1403.255
1409.369
1404.247
1403.255
1406.268
1403.374
1403.255
1403.255
1402.583
1402.085
1402.085
1402.085
1404.659
1403.346
1409.225
1402.079
1402.079
1402.079
1402.077
1405.203
1402.238
1402.077
1404.158
1406.421
1401.423
1401.423
1401.481
1400.808
1400.808
1407.952
1400.173
1399.166
1399.220
1398.366
1399.449
1401.499
1398.366
1400.935
1398.366
1397.916
1397.427
1399.694
1416.747
1397.815
1397.011
1398.643
1398.620
1399.700
1397.011
1396.352
1395.082
1395.689
1394.852
1394.852
1394.356
1394.438
1395.032
1394.356
1396.133
1394.722
1396.648
1395.325
1394.916
1394.356
1394.446
1394.356
1404.901
1394.649
1397.364
1393.926
1393.926
1393.849
1393.724
1392.625
1395.371
1396.618
1392.734
1392.186
1394.527
1392.186
1392.230
1392.186
1392.186
1404.824
1392.293
1392.426
1389.457
1397.603
1389.457
1389.358
1390.311
1388.744
1388.744
1388.748
1391.638
1388.744
1388.951
1389.005
1388.530
1388.531
1388.523
1389.047
1387.904
1388.244
1387.904
1388.593
1388.041
1388.038
1388.383
1388.072
1390.085
1391.307
1384.407
1384.595
1384.407
1389.137
1382.765
1391.303
1384.115
1382.731
1382.731
1383.948
1382.969
1382.193
1382.193
1382.363
1386.078
1382.193
1381.482
1381.482
1381.832
1380.520
1380.538
1380.520
1381.494
1380.886
1380.761
1380.515
1380.304
1380.340
1380.304
1380.304
1380.304
1380.881
1380.304
1380.467
1377.743
1378.584
1376.085
1376.948
1374.492
1375.627
1379.047
1374.492
1374.551
1375.508
1374.333
1370.390
1370.489
1376.551
1368.913
1367.040
1367.040
1366.916
1366.916
1367.187
1367.036
1369.810
1367.240
1367.003
1370.709
1386.310
1369.148
1366.895
1366.894
1366.894
1367.133
1367.085
1366.894
1369.138
1381.399
1366.899
1366.894
1366.835
1366.855
1368.787
1366.748
1366.729
1366.984
1366.729
1369.284
1366.702
1366.702
1366.900
1368.176
1367.533
1366.702
1368.900
1366.141
1370.157
1368.932
1367.566
1366.141
1370.589
1368.033
1366.147
1367.245
1366.141
1366.141
1366.141
1366.658
1366.189
1366.092
1366.092
1367.964
1366.164
1366.158
1372.333
1366.094
1368.850
1367.421
1366.092
1366.515
1373.965
1366.055
1365.037
1365.274
1363.629
1367.644
1363.718
1367.096
1363.863
1363.659
1362.166
1362.300
1362.166
1362.147
1362.236
1362.257
1362.370
1364.360
1365.242
1362.003
1362.003
1362.009
1362.051
1357.936
1357.936
1361.563
1358.880
1357.663
1357.575
1359.857
1365.272
1357.575
1363.980
1358.782
1357.475
1357.475
1357.560
1357.475
1363.235
1357.995
1363.247
1358.818
1358.167
1353.819
1354.181
1353.291
1372.225
1353.490
1353.349
1359.402
1355.014
1353.291
1351.848
1360.378
1361.801
1351.641
1356.270
1351.667
1353.414
1350.699
1351.055
1350.699
1350.983
1353.855
1356.814
1351.167
1349.988
1349.719
1348.987
1350.193
1353.985
1349.857
1352.908
1348.959
1354.354
1353.379
1348.953
1349.807
1348.400
1348.611
1347.910
1361.011
1348.041
1341.552
1341.900
1341.979
1337.440
1338.587
1337.440
1342.726
1337.440
1337.472
1348.947
1338.534
1337.651
1337.440
1339.802
1337.440
1337.440
1340.814
1340.729
1338.720
1343.987
1347.918
1337.440
1337.440
1345.463
1337.436
1337.532
1340.324
1337.584
1337.392
1336.730
1337.862
1336.757
1342.264
1336.909
1332.765
1332.765
1332.766
1332.773
1336.333
1332.776
1327.441
1328.775
1327.851
1332.637
1328.298
1324.441
1324.487
1324.375
1324.373
1324.368
1328.489
1329.139
1323.723
1324.107
1323.723
1323.636
1323.636
1323.797
1326.245
1325.474
1323.973
1323.445
1322.822
1323.215
1322.822
1322.822
1323.132
1316.696
1316.696
1320.127
1319.388
1323.421
1320.130
1316.071
1317.373
1320.122
1315.917
1318.431
1316.070
1316.963
1315.834
1313.986
1316.219
1314.715
1314.021
1315.742
1314.535
1311.122
1310.588
1316.053
1310.133
1310.133
1310.211
1310.134
1310.185
1320.956
1314.680
1306.155
1344.127
1307.616
1306.100
1304.359
1303.849
1299.516
1299.718
1299.497
1299.154
1300.359
1301.893
1299.237
1299.187
1299.154
1298.479
1297.748
1298.367
1297.186
1298.411
1297.707
1298.125
1297.307
1298.879
1298.816
1297.185
1297.185
1292.838
1293.185
1292.839
1292.838
1292.838
1293.021
1292.324
1292.400
1292.273
1292.074
1296.492
1292.017
1292.017
1291.978
1291.087
1293.517
1293.071
1288.945
1289.066
1289.241
1295.075
1288.945
1288.945
1299.114
1287.587
1287.587
1285.858
1286.618
1285.858
1286.332
1285.858
1298.264
1292.277
1289.119
1285.858
1286.408
1286.601
1285.858
1285.894
1293.778
1285.773
1286.765
1286.080
1285.456
1285.972
1285.456
1290.514
1285.464
1289.455
1285.456
1286.054
1287.473
1285.157
1287.730
1288.332
1285.157
1285.838
1285.344
1285.607
1286.896
1287.271
1285.061
1285.061
1284.985
1287.909
1284.985
1284.714
1275.503
1275.545
1275.585
1275.122
1278.139
1275.249
1275.217
1275.490
1281.768
1273.973
1274.034
1274.005
1273.661
1274.298
1273.467
1272.989
1273.936
1272.923
1273.718
1273.191
1272.650
1272.650
1280.253
1272.626
1279.261
1278.944
1272.616
1271.985
1276.488
1274.242
1266.451
1267.246
1266.354
1268.453
1266.111
1269.937
1267.943
1266.518
1264.454
1264.323
1264.365
1264.302
1262.287
1263.967
1261.414
1262.516
1261.414
1259.345
1259.254
1258.040
1259.398
1258.040
1258.019
1257.997
1257.770
1257.770
1257.736
1257.533
1259.404
1257.533
1260.497
1257.608
1257.532
1257.475
1262.969
1257.015
1257.235
1257.389
1257.015
1257.015
1257.015
1262.960
1257.913
1257.627
1257.015
1257.015
1273.599
1257.543
1257.013
1257.704
1258.991
1266.618
1257.886
1257.120
1259.027
1256.935
1256.983
1276.061
1256.364
1254.979
1255.727
1254.979
1251.391
1242.025
1243.278
1241.271
1247.215
1241.295
1240.463
1240.137
1240.139
1240.240
1240.137
1243.339
1243.604
1237.723
1237.720
1237.720
1256.190
1238.801
1236.955
1235.396
1235.396
1236.836
1234.993
1237.034
1235.706
1234.612
1232.880
1233.018
1234.725
1233.070
1240.211
1241.582
1232.880
1232.880
1240.813
1233.766
1233.308
1236.136
1232.880
1234.461
1240.626
1233.069
1232.777
1234.252
1233.225
1233.357
1241.647
1234.201
1232.098
1236.614
1232.098
1232.099
1233.614
1232.108
1232.102
1230.634
1231.918
1238.000
1231.001
1230.824
1228.065
1230.438
1230.015
1228.065
1228.188
1229.797
1227.947
1227.424
1213.090
1213.109
1213.146
1213.090
1215.595
1218.646
1216.489
1213.090
1213.112
1217.359
1213.469
1214.403
1213.301
1228.228
1213.090
1213.090
1216.594
1213.090
1213.404
1213.739
1210.090
1210.226
1212.275
1209.869
1212.803
1208.339
1208.879
1208.119
1207.744
1215.478
1207.744
1208.120
1207.646
1196.096
1199.820
1196.126
1196.124
1196.096
1196.096
1196.141
1191.624
1191.624
1193.927
1209.127
1191.609
1191.822
1191.609
1198.936
1190.853
1192.957
1190.698
1209.134
1189.266
1189.285
1190.051
1189.268
1195.270
1189.746
1189.266
1182.108
1194.080
1183.427
1182.183
1182.158
1182.764
1181.959
1181.954
1183.809
1181.954
1181.065
1180.463
1179.930
1179.930
1182.384
1181.225
1181.109
1178.502
1178.710
1179.076
1181.367
1184.381
1176.264
1175.741
1175.741
1176.817
1175.862
1176.796
1176.202
1179.365
1175.738
1175.623
1175.138
1174.301
1176.460
1177.140
1174.214
1175.154
1174.301
1175.909
1175.426
1174.214
1174.214
1174.215
1174.534
1175.115
1174.214
1174.246
1173.331
1184.523
1173.331
1173.328
1173.285
1172.848
1176.483
1173.339
1172.848
1173.305
1172.839
1172.840
1171.775
1171.763
1175.424
1171.763
1171.763
1174.269
1172.813
1171.763
1170.900
1173.553
1170.550
1172.781
1170.619
1170.110
1169.476
1175.047
1169.607
1169.465
1169.605
1168.051
1169.408
1168.087
1168.044
1168.295
1169.316
1169.109
1168.044
1168.907
1169.555
1167.401
1167.174
1166.610
1182.768
1166.935
1171.089
1167.123
1170.928
1166.404
1165.942
1165.942
1166.130
1168.288
1166.035
1165.974
1164.460
1164.460
1165.082
1166.848
1166.353
1164.578
1162.701
1162.508
1163.153
1163.881
1166.710
1161.771
1161.785
1161.351
1162.803
1161.352
1165.396
1161.406
1161.442
1161.354
1164.374
1162.921
1161.586
1161.312
1160.958
1160.993
1169.260
1160.992
1164.756
1164.159
1169.072
1160.934
1163.090
1161.476
1165.743
1163.130
1161.238
1168.925
1160.934
1160.997
1160.934
1167.038
1158.208
1157.949
1157.231
1158.077
1157.319
1157.044
1157.676
1158.526
1156.793
1157.100
1158.611
1156.793
1157.058
1161.918
1157.655
1156.793
1156.791
1163.517
1156.795
1156.827
1156.794
1155.778
1154.551
1160.995
1154.613
1154.628
1155.897
1154.553
1154.504
1155.377
1153.185
1153.185
1153.191
1154.370
1154.370
1149.410
1150.715
1149.581
1152.483
1149.652
1150.757
1148.789
1149.829
1148.899
1150.252
1148.298
1157.646
1149.589
1148.298
1148.871
1147.997
1147.530
1146.458
1144.807
1144.806
1145.088
1144.902
1150.469
1145.688
1145.345
1144.806
1146.858
1156.639
1145.151
1153.208
1148.262
1150.145
1144.806
1144.827
1149.227
1147.014
1144.580
1144.580
1141.108
1141.104
1142.024
1140.960
1143.639
1139.468
1139.543
1139.613
1136.735
1137.276
1136.277
1136.723
1136.299
1132.967
1143.118
1135.919
1132.967
1134.329
1129.805
1129.540
1135.935
1129.540
1128.903
1129.122
1130.367
1129.780
1129.118
1128.690
1127.388
1127.388
1132.200
1126.375
1125.321
1126.059
1126.424
1127.963
1125.321
1125.321
1125.508
1125.309
1127.534
1125.983
1125.327
1125.457
1125.180
1125.140
1125.140
1127.030
1125.189
1130.942
1146.800
1125.140
1125.186
1125.354
1125.140
1124.835
1129.823
1124.835
1125.053
1124.835
1124.758
1124.832
1125.795
1127.999
1127.323
1124.357
1119.994
1119.962
1119.961
1119.926
1119.928
1121.138
1119.926
1119.222
1119.403
1119.571
1118.285
1118.006
1121.052
1118.004
1118.008
1118.089
1126.108
1117.398
1119.483
1118.765
1117.073
1114.613
1114.752
1114.623
1115.189
1114.613
1116.005
1114.613
1114.613
1114.571
1114.571
1116.164
1114.571
1114.571
1114.418
1115.722
1110.641
1111.311
1109.956
1109.956
1111.929
1109.964
1109.962
1113.807
1113.336
1119.812
1110.130
1113.198
1107.415
1107.415
1107.711
1107.155
1110.119
1107.959
1105.479
1105.735
1106.519
1105.846
1105.479
1105.479
1104.604
1104.604
1105.639
1104.342
1104.335
1103.749
1103.749
1104.537
1104.964
1106.674
1099.498
1099.654
1105.853
1099.405
1095.409
1097.047
1095.172
1098.823
1097.073
1095.235
1098.585
1098.538
1095.196
1094.788
1094.788
1094.925
1093.928
1101.705
1092.433
1092.395
1094.461
1098.335
1092.221
1090.880
1090.170
1090.172
1098.606
1089.763
1089.763
1088.433
1088.880
1085.330
1086.486
1083.132
1082.410
1082.410
1082.722
1084.662
1083.087
1084.350
1082.408
1085.432
1082.404
1082.424
1082.308
1097.368
1082.308
1086.104
1081.918
1086.457
1081.044
1081.044
1087.130
1084.216
1082.244
1093.744
1082.190
1082.584
1080.262
1079.298
1085.558
1079.298
1079.769
1079.535
1079.298
1081.324
1079.186
1081.838
1079.186
1080.554
1082.727
1080.201
1079.446
1079.315
1079.181
1079.181
1078.985
1079.648
1078.860
1084.176
1078.860
1078.867
1079.758
1078.893
1067.142
1068.214
1067.651
1067.128
1066.976
1066.777
1066.777
1072.307
1067.180
1065.840
1065.648
1066.240
1065.866
1066.563
1065.836
1065.657
1066.187
1065.496
1065.080
1065.166
1076.160
1064.167
1063.124
1063.917
1063.127
1063.242
1066.989
1067.323
1063.123
1064.584
1063.235
1064.026
1062.801
1061.675
1061.676
1061.833
1061.675
1062.626
1061.679
1062.047
1061.675
1061.518
1061.521
1061.469
1061.402
1064.893
1060.836
1063.476
1060.098
1059.503
1060.278
1059.399
1058.696
1059.624
1061.160
1058.805
1058.689
1058.686
1061.534
1058.762
1058.682
1058.809
1058.682
1058.798
1060.321
1058.666
1058.894
1058.819
1058.666
1088.940
1057.455
1057.346
1057.268
1058.961
1062.025
1056.804
1061.807
1056.805
1059.862
1056.645
1056.854
1067.855
1056.903
1056.645
1058.190
1055.801
1056.649
1057.516
1055.791
1056.205
1056.511
1055.417
1052.184
1062.012
1052.257
1052.184
1052.233
1052.176
1051.593
1050.330
1053.754
1048.714
1049.894
1051.233
1050.037
1049.151
1055.676
1053.578
1047.912
1049.098
1047.912
1047.896
1047.896
1049.375
1047.946
1049.110
1047.859
1045.782
1044.813
1046.214
1045.785
1047.368
1046.431
1042.280
1042.155
1042.247
1042.102
1040.088
1040.238
1044.400
1039.282
1038.278
1038.588
1037.414
1037.414
1037.375
1037.058
1037.004
1037.004
1037.004
1037.033
1037.004
1036.916
1038.456
1036.916
1036.916
1037.223
1036.930
1036.916
1036.982
1036.937
1040.745
1037.182
1039.936
1036.916
1036.916
1035.893
1036.183
1036.668
1035.557
1035.557
1037.244
1038.834
1034.555
1033.960
1033.941
1033.941
1037.125
1038.437
1037.062
1038.708
1033.564
1033.376
1034.199
1033.376
1033.376
1033.376
1033.463
1035.520
1033.842
1033.635
1034.800
1044.067
1033.875
1035.814
1030.771
1029.309
1029.309
1020.856
1022.363
1021.774
1020.856
1021.643
1021.062
1020.950
1020.856
1020.856
1020.840
1020.724
1020.749
1021.023
1020.734
1021.588
1022.756
1020.724
1020.724
1022.412
1020.723
1020.674
1020.418
1020.422
1018.824
1018.681
1023.961
1019.020
1019.744
1015.655
1015.730
1013.599
1015.710
1013.510
1017.128
1013.804
1013.547
1011.008
1011.294
1010.881
1010.881
1010.994
1011.003
1013.301
1010.583
1010.583
1011.030
1013.581
1009.083
1015.126
1009.254
1009.083
1008.933
1008.933
1009.817
1012.160
1009.192
1006.357
1011.978
1008.134
1006.357
1006.357
1007.290
1003.983
1003.983
1003.425
1003.425
1009.153
1012.570
1003.464
1002.592
1002.766
1003.036
1002.545
1002.538
1006.393
1003.415
1005.231
1002.538
1005.992
1002.779
1006.476
1004.788
1005.611
1002.577
1002.193
1002.170
1003.973
1001.389
1005.323
1004.591
1001.395
1002.223
1001.127
1001.108
1001.026
1003.091
1009.436
1001.026
1003.634
1004.038
1001.061
1000.951
1004.739
1001.291
1003.310
1000.955
1008.274
1004.084
1000.951
1001.369
1000.946
1002.193
1000.946
1001.048
1000.974
1001.313
1001.752
1002.429
1003.090
1000.539
1001.010
1005.401
1000.307
1003.604
1000.307
1001.622
999.672
1001.222
999.672
1000.562
998.310
999.471
998.341
998.259
998.259
998.259
1010.333
998.886
999.560
998.293
1002.581
998.259
998.260
999.407
998.508
998.259
1000.710
997.404
1007.120
997.310
1001.921
995.794
996.492
996.189
996.151
995.884
996.714
995.873
996.101
995.315
995.419
1001.510
994.411
994.411
993.901
996.726
995.951
993.458
993.457
998.328
996.828
993.457
999.775
995.891
995.178
993.460
996.866
993.457
993.621
998.179
993.457
994.325
993.711
993.648
994.793
993.839
993.505
993.494
992.823
992.823
992.301
992.044
994.351
991.443
991.182
994.148
996.825
989.559
992.682
989.504
989.494
990.739
989.494
989.494
983.848
983.848
983.129
988.678
989.135
988.033
985.374
982.828
983.438
986.811
985.584
983.851
982.839
983.669
990.939
982.831
1002.333
991.529
992.041
983.100
982.803
983.579
982.683
983.945
984.408
986.174
984.951
984.130
983.081
984.836
985.787
989.640
982.693
998.358
984.328
982.370
982.370
982.370
982.192
981.994
981.994
981.994
981.965
981.965
980.935
979.194
979.201
979.941
979.193
979.193
979.193
979.343
981.507
979.476
979.193
979.193
980.299
979.527
979.193
979.352
979.936
982.779
980.032
979.193
980.241
979.055
979.055
979.055
985.655
980.075
978.867
981.608
979.374
978.879
985.327
976.825
976.825
976.825
978.664
976.825
976.829
976.825
977.151
977.026
976.856
975.852
978.306
979.523
976.375
977.660
984.638
975.634
982.355
975.772
975.900
975.634
975.618
984.563
975.788
978.424
975.618
976.172
975.628
976.754
975.663
978.205
972.802
972.077
972.788
973.039
972.911
972.999
972.648
972.053
969.569
968.832
969.467
975.573
974.186
1001.662
970.204
969.487
977.014
968.832
968.834
969.009
968.734
968.698
971.058
968.698
968.679
972.384
968.679
969.488
968.790
974.620
968.399
974.523
972.331
968.400
968.765
968.400
967.952
968.444
967.952
967.366
968.934
968.705
976.524
967.270
967.957
967.270
971.794
976.688
966.843
966.529
963.341
963.571
963.401
963.416
963.341
963.051
963.051
964.971
965.866
962.356
963.027
960.912
961.363
961.846
961.586
960.929
960.730
958.562
964.058
960.447
958.559
958.559
959.417
958.456
958.418
961.135
958.320
958.235
958.235
958.235
959.673
960.051
961.425
960.464
958.235
959.325
958.249
960.837
964.236
958.440
958.235
958.232
957.881
961.247
961.186
963.374
958.350
957.885
961.362
957.881
960.137
956.864
957.345
956.385
956.402
956.826
956.076
958.680
956.116
956.245
959.122
956.200
957.405
955.294
956.987
957.289
954.959
954.962
954.959
954.959
953.421
967.243
953.422
954.336
953.719
956.919
953.421
953.421
955.971
955.632
953.629
953.421
957.775
953.421
954.095
953.421
955.571
954.516
956.073
957.942
953.421
965.414
954.235
958.101
953.393
955.031
953.393
953.436
959.800
955.350
955.812
956.604
953.432
954.179
955.604
961.417
953.708
952.578
951.867
952.820
951.915
963.955
951.867
952.044
956.190
951.972
954.521
951.627
954.261
951.157
949.897
949.897
949.453
949.453
952.669
953.250
949.537
949.489
948.643
948.569
948.561
954.350
951.796
951.713
948.561
948.561
948.532
949.492
948.536
948.534
948.537
949.175
948.536
951.665
948.372
949.487
950.093
956.487
948.372
948.375
942.221
943.308
942.971
941.369
941.427
941.369
941.369
941.487
944.367
941.365
941.365
941.365
946.749
941.364
942.112
941.369
941.190
943.259
941.117
941.448
934.521
934.521
935.381
934.521
943.751
941.095
934.521
936.086
934.283
941.703
932.388
931.622
945.015
931.622
931.120
931.120
930.845
930.641
930.424
930.404
933.659
930.904
930.529
930.404
945.671
932.221
930.404
930.404
930.447
930.610
929.423
940.727
930.465
929.381
929.440
931.472
928.025
927.133
927.133
926.919
927.942
927.137
923.858
923.858
925.050
923.858
923.753
924.938
925.963
931.649
923.469
923.536
923.497
924.553
929.391
924.642
923.820
922.530
930.628
922.381
922.501
922.395
922.164
921.614
920.038
921.844
922.029
920.956
920.038
919.902
919.710
919.789
920.652
919.710
921.065
919.345
918.919
919.324
941.077
917.440
917.091
917.092
919.783
915.372
915.372
914.975
917.218
915.770
915.215
913.846
913.860
913.846
913.846
914.044
913.665
925.040
933.412
912.488
913.926
917.033
914.312
916.972
961.239
916.233
908.326
908.326
910.480
908.363
908.326
906.163
916.208
906.169
906.923
906.305
909.730
906.323
906.172
906.163
911.893
911.547
907.616
906.163
905.941
913.762
905.595
905.622
902.235
903.392
909.415
901.671
912.053
901.515
909.017
902.396
901.536
900.020
905.298
927.452
899.847
905.456
899.847
903.238
899.774
900.437
899.702
904.952
899.845
899.863
899.684
903.034
904.282
897.290
897.290
899.841
897.773
897.288
897.332
900.098
895.343
895.343
898.540
899.218
901.783
890.316
889.603
889.590
889.590
892.233
895.241
889.887
893.353
889.319
892.350
889.820
889.272
887.468
893.502
888.661
891.672
887.499
889.068
886.853
890.349
887.119
895.734
886.959
886.853
887.019
882.422
882.947
882.422
882.422
882.422
882.620
892.174
883.654
883.321
883.236
890.531
882.645
882.507
882.422
889.381
878.027
881.843
880.982
879.440
878.034
879.806
878.010
877.961
877.998
879.230
878.940
881.988
882.302
876.428
876.428
872.105
872.186
873.536
880.938
876.174
872.837
872.277
871.763
872.410
871.763
872.142
877.244
871.763
871.075
875.815
864.286
863.438
866.881
863.338
867.256
863.338
863.338
863.338
863.180
864.177
863.001
863.001
863.001
862.432
862.835
862.432
862.494
864.804
868.258
873.469
862.433
862.485
862.342
862.342
864.019
865.280
862.850
862.342
861.184
862.422
867.756
863.929
860.748
860.317
863.903
865.380
861.088
862.407
860.107
860.264
860.023
861.237
866.096
860.014
860.117
860.014
860.014
860.758
859.960
859.295
859.488
860.746
859.627
859.295
862.197
859.356
858.981
866.253
859.077
866.683
864.248
875.632
860.517
858.978
882.470
859.582
868.827
859.061
869.032
858.832
860.312
858.859
857.132
858.184
857.175
855.307
855.273
855.249
856.090
854.571
858.622
859.328
854.571
854.421
854.769
854.421
854.550
855.387
855.370
852.506
854.827
852.507
849.372
854.355
847.850
846.926
846.860
846.065
846.149
846.934
847.035
846.062
836.722
837.132
837.289
836.627
836.646
838.012
841.777
852.792
836.627
837.414
837.569
838.493
836.328
836.403
838.518
836.660
835.860
834.047
833.447
837.094
830.128
827.821
827.270
826.941
834.644
826.889
827.111
826.889
825.775
825.785
825.725
825.795
825.724
825.724
825.724
827.104
825.902
828.708
825.727
825.458
825.458
830.200
825.065
827.576
824.857
825.195
826.328
825.869
830.923
825.932
824.348
823.068
823.161
824.682
829.095
823.068
822.781
822.763
828.161
822.813
822.586
822.285
822.325
823.606
830.084
822.244
823.946
822.243
822.243
822.639
815.613
818.692
814.686
814.464
817.596
814.960
817.056
816.061
814.464
816.511
814.204
814.206
813.328
813.328
814.474
813.263
813.283
813.091
813.138
813.086
813.086
813.339
814.715
812.610
816.749
812.369
812.249
812.677
814.262
820.579
817.150
814.948
812.249
811.994
812.118
812.129
811.606
807.480
807.776
806.702
807.188
807.201
815.542
810.962
807.168
806.702
808.691
806.869
808.488
807.603
805.833
806.700
805.980
806.803
814.096
806.895
807.705
806.300
806.028
807.189
814.023
805.857
807.423
805.834
805.833
805.833
805.833
805.815
810.410
805.815
805.493
806.553
806.592
806.042
806.640
805.561
810.423
808.103
810.739
806.383
805.497
805.493
816.031
805.554
805.496
806.370
804.995
803.391
803.391
807.709
811.893
803.391
804.401
806.018
803.180
804.435
803.491
806.172
803.009
811.818
807.695
803.358
803.052
803.009
803.009
808.386
805.490
801.844
806.464
801.844
801.103
804.210
799.261
804.438
808.550
799.262
799.261
801.247
799.627
799.261
814.121
799.261
799.384
807.387
799.261
800.213
799.691
799.261
799.548
798.879
798.879
801.343
803.564
802.835
798.879
798.880
798.882
798.879
798.879
796.885
798.450
797.806
822.120
798.920
796.839
797.318
796.160
796.121
796.330
798.698
796.121
799.239
796.121
796.121
794.954
794.954
794.953
795.667
794.953
798.295
794.988
796.675
799.423
797.534
799.652
794.639
795.805
798.161
796.347
795.908
794.565
794.523
798.074
794.629
795.511
811.736
794.525
796.053
794.523
794.658
794.277
796.442
794.911
794.255
793.278
793.639
794.726
794.595
793.373
793.237
793.214
794.661
793.209
798.247
792.805
792.311
792.311
791.311
794.834
791.551
791.468
803.260
792.315
791.261
794.247
789.605
789.605
790.320
789.605
788.753
788.753
789.523
794.514
788.753
789.705
788.753
788.775
789.181
789.071
789.134
788.752
792.284
789.431
790.227
796.645
794.353
788.838
797.175
788.521
790.284
791.511
798.457
788.182
788.210
788.182
788.961
788.991
788.137
788.117
788.218
788.123
789.349
788.122
789.267
788.845
786.510
789.912
787.026
786.757
786.510
786.510
784.614
784.614
784.667
784.614
784.767
784.128
784.123
783.719
784.277
782.362
782.306
787.037
781.865
781.927
785.790
779.633
779.626
780.476
779.961
777.225
781.733
777.225
778.728
777.225
775.919
775.736
781.970
775.736
780.614
776.475
776.098
776.714
775.888
778.786
774.905
777.526
781.664
776.055
774.905
783.753
771.805
771.800
768.948
768.948
769.648
768.968
768.405
773.807
770.972
768.221
768.656
768.221
777.301
769.573
770.280
768.328
768.221
767.955
768.203
768.166
773.213
767.785
767.728
767.054
767.054
767.370
767.359
767.385
767.086
766.357
769.319
766.549
768.967
769.342
766.375
764.425
764.398
761.898
761.877
761.783
761.742
782.329
761.596
761.588
761.659
761.588
760.932
757.907
757.928
760.397
761.194
757.907
769.199
757.284
768.716
757.480
757.284
757.367
766.807
772.298
756.692
756.692
755.347
766.416
755.494
754.595
755.007
757.848
754.595
754.687
756.379
753.835
754.013
753.339
755.776
754.699
753.885
755.189
757.002
751.663
757.226
754.496
750.004
750.141
751.398
749.670
749.670
749.905
752.004
750.146
758.699
749.596
746.426
771.231
749.666
746.426
750.132
747.096
743.506
743.506
743.556
743.506
744.138
742.831
745.097
747.035
747.962
742.831
744.419
744.586
742.831
743.385
742.230
742.764
742.941
741.833
744.620
740.192
740.140
740.140
740.201
740.083
745.978
742.138
740.436
741.695
749.127
739.974
745.850
739.974
747.630
739.974
744.000
741.450
742.491
740.195
740.992
740.021
743.675
740.292
745.256
739.974
740.502
739.974
744.789
745.365
741.994
740.675
739.967
740.537
739.943
740.004
739.943
739.717
741.260
739.610
739.600
739.602
740.720
740.185
739.692
739.566
739.374
739.533
740.191
739.348
745.193
738.194
738.199
738.191
738.367
739.337
738.329
735.163
735.992
736.976
735.163
735.848
736.316
734.519
735.822
734.519
736.818
734.519
734.345
736.132
734.345
736.550
734.758
734.272
731.417
731.392
732.756
741.244
731.682
740.783
732.270
733.050
731.392
731.844
731.392
731.398
732.081
731.693
737.829
731.373
731.364
729.726
730.003
729.778
732.607
731.735
729.725
729.745
729.762
739.954
729.715
730.336
728.857
744.037
728.941
733.892
731.631
737.990
728.857
728.399
728.655
728.193
732.158
728.639
728.193
729.696
727.874
729.002
728.249
727.874
727.606
728.857
731.747
727.261
727.261
728.725
727.014
727.438
727.083
727.083
727.014
726.997
726.997
726.997
732.920
727.645
728.328
726.985
727.795
728.431
727.023
726.807
727.651
729.221
729.364
734.218
726.428
727.102
726.423
726.403
726.143
726.143
726.427
738.674
727.943
726.471
726.373
726.143
724.443
724.443
724.443
724.501
722.858
722.375
731.250
722.802
722.375
722.375
723.657
723.941
722.447
722.375
722.193
722.193
722.249
722.197
721.567
722.411
718.906
713.675
722.897
714.057
715.440
718.409
713.675
715.899
713.671
719.530
713.727
713.801
713.744
713.579
713.669
713.579
713.578
715.034
713.722
713.881
713.490
714.177
713.490
713.438
713.438
713.438
729.817
716.577
712.728
712.592
730.321
716.593
714.127
712.881
712.592
713.859
731.808
713.443
714.488
715.564
712.501
709.699
711.138
708.541
708.942
708.878
708.562
708.767
714.768
708.061
711.968
708.256
707.909
708.215
707.887
707.945
707.887
707.887
707.892
707.891
708.145
709.317
710.259
709.285
708.172
708.015
707.831
707.278
707.278
707.348
707.258
708.663
710.694
707.163
716.440
707.229
707.163
706.750
715.291
706.794
706.710
706.710
707.344
706.508
704.098
707.143
705.114
704.098
704.713
704.096
704.096
707.419
704.531
704.339
704.097
708.547
712.368
704.096
704.032
702.210
701.770
705.286
701.766
701.001
699.434
699.487
702.355
699.102
698.939
698.815
698.815
701.523
698.815
698.815
699.478
701.158
699.343
698.815
698.907
698.657
700.123
698.657
698.657
697.562
696.732
696.367
696.367
696.342
696.450
695.449
706.383
701.593
695.783
712.577
696.582
695.397
695.397
698.431
704.429
695.258
693.974
693.974
697.275
693.974
694.076
693.974
693.957
694.975
696.372
694.916
696.630
696.279
693.924
693.924
694.416
693.957
693.911
693.836
693.837
693.788
697.132
693.818
694.040
693.795
700.027
693.506
692.062
692.071
692.108
693.451
691.844
689.874
691.607
689.924
702.978
689.457
689.457
689.457
689.457
689.611
689.457
696.259
689.457
689.457
692.364
689.685
689.467
689.457
689.485
689.471
689.725
689.457
689.639
694.668
689.675
689.457
689.444
689.435
690.419
689.435
689.435
703.099
690.611
696.953
689.435
689.419
689.425
689.432
689.410
688.962
688.700
688.699
695.092
691.438
689.362
688.647
689.540
688.619
688.619
688.611
688.835
689.669
688.792
690.559
688.635
688.584
692.883
689.034
703.967
688.818
687.781
687.781
687.746
691.002
689.620
687.746
687.731
695.709
687.598
687.151
688.498
687.151
687.191
687.151
689.017
690.835
684.765
686.932
685.942
684.865
684.765
684.765
686.712
686.027
684.765
701.339
688.027
683.938
683.969
695.328
683.829
683.829
682.691
682.968
683.921
682.741
690.428
682.148
680.499
682.610
683.295
680.456
680.456
680.308
679.098
679.098
678.286
678.250
678.039
678.197
678.039
676.370
676.506
676.387
675.593
675.594
674.527
675.192
674.527
675.147
674.434
674.162
675.818
673.996
673.998
675.004
674.447
688.803
677.467
672.643
672.643
680.349
673.448
672.643
673.752
693.644
678.987
672.278
676.672
680.587
672.163
673.334
673.853
686.768
674.407
674.001
672.163
674.486
672.171
674.983
674.431
672.163
670.309
673.860
670.425
671.577
670.515
667.480
667.500
667.645
667.793
668.556
667.988
667.664
666.864
673.897
667.680
666.864
666.870
667.794
665.633
665.631
673.171
665.401
665.517
668.640
668.512
665.640
665.401
665.619
664.453
670.188
664.485
666.547
665.129
667.326
664.085
684.815
657.112
660.987
657.114
657.080
659.531
658.201
657.081
657.080
672.439
662.390
657.627
656.943
656.966

Results for RHC: 
Correctly classified 3152 instances.
Incorrectly classified 671 instances.
Percent correctly classified: 82.448%
Training time: 479.562 seconds
Testing time: 0.044 seconds

Results for SA: 
Correctly classified 2947 instances.
Incorrectly classified 876 instances.
Percent correctly classified: 77.086%
Training time: 482.990 seconds
Testing time: 0.031 seconds

